id	type	origin	destination	demand
1	111	132097	226307	0.524249
2	111	132097	200386	1.048498
3	111	132097	201410	2.6212470000000003
4	111	132097	200385	6.815247
5	111	132097	201409	4.718246
6	111	132097	200384	27.78521
7	111	132097	201408	9.960749
8	111	132097	201413	24.639719999999997
9	111	132097	233099	9.96075
10	111	132097	225545	15.032312
11	111	132097	225673	0.7729233
12	111	132097	233096	0.524249
13	111	132097	200403	3.89727
14	111	132097	200849	2.227014
15	111	132097	225553	12.805309999999999
16	111	132097	200407	1.572749
17	111	132097	200406	13.106248999999998
18	111	132097	200405	20.599850000000004
19	111	132097	200404	1.6702620000000001
20	111	132097	200345	0.524249
21	111	132097	229913	1.2789869999999999
22	111	132097	226393	9.778178
23	111	132097	200344	1.048498
24	111	132097	225698	1.729574
25	111	132097	200359	1.572749
26	111	132097	200358	3.1455
27	111	132097	200356	2.096996
28	111	132097	231786	35.07539
29	111	132097	200362	8.388
30	111	132097	200361	1.572747
31	111	132097	200360	1.572747
32	111	132097	200375	2.6212489999999997
33	111	132097	200374	2.621245
34	111	132097	200373	2.6212470000000003
35	111	132097	200372	3.340518
36	111	132097	231483	3.6697480000000002
37	111	132097	200379	55.570370000000004
38	111	132097	200378	32.503460000000004
39	111	132097	226234	2.096998
40	111	132097	200377	34.0762
41	111	132097	200376	7.3395
42	111	132097	200383	45.609688999999996
43	111	132097	200382	22.542729
44	111	132097	225469	8.99611
45	111	132097	200381	42.98843
46	111	132097	200380	16.25175
47	111	100356	233099	25.73682
48	111	100356	225545	5.17722
49	111	100356	225673	0.124665
50	111	100356	225551	0.748972
51	111	100356	232077	3.900062
52	111	100356	225553	4.165649999999999
53	111	100356	200849	2.0
54	111	100356	229913	1.7364970000000002
55	111	100356	200345	2.0
56	111	100356	200344	3.0
57	111	100356	225698	2.05474
58	111	100356	233122	7.0
59	111	100356	232097	1.55831
60	111	100356	200359	2.0
61	111	100356	200358	1.0
62	111	100356	200362	4.0
63	111	100356	200361	2.0
64	111	100356	200360	2.0
65	111	100356	200375	1.0
66	111	100356	226359	21.304319999999997
67	111	100356	200374	1.0
68	111	100356	200373	1.0
69	111	100356	200372	1.0
70	111	100356	200379	6.0
71	111	100356	200378	3.0
72	111	100356	226234	10.07342
73	111	100356	200377	4.0
74	111	100356	200376	3.0
75	111	100356	200383	6.0
76	111	100356	200382	2.0
77	111	100356	200381	7.0
78	111	100356	225469	1.61654
79	111	100356	200380	2.0
80	111	100356	226364	33.25001
81	111	100356	201410	1.0
82	111	100356	200386	1.0
83	111	100356	201409	1.0
84	111	100356	200385	1.0
85	111	100356	201408	2.0
86	111	100356	200384	2.0
87	111	100356	201413	5.0
88	111	100356	200403	1.0
89	111	100356	226386	3.2229
90	111	100356	230615	0.806606
91	111	100356	200407	1.0
92	111	100356	200406	4.0
93	111	100356	200405	4.0
94	111	100356	200404	1.0
95	111	100356	226393	0.464659
96	111	100356	230616	3.41008
97	111	100356	231786	2.5819530000000004
98	111	100356	231791	17.8149
99	111	100356	231551	0.933691
100	111	100359	201410	1.0
101	111	100359	201409	1.0
102	111	100359	200385	1.0
103	111	100359	201408	1.0
104	111	100359	200384	1.0
105	111	100359	201413	3.0
106	111	100359	233099	19.30263
107	111	100359	225545	2.58861
108	111	100359	225673	0.099732
109	111	100359	225551	0.5617289999999999
110	111	100359	200403	1.0
111	111	100359	226386	9.6687
112	111	100359	225553	2.7771
113	111	100359	200849	1.0
114	111	100359	200407	1.0
115	111	100359	200406	3.0
116	111	100359	200405	2.0
117	111	100359	200404	1.0
118	111	100359	229913	0.434124
119	111	100359	226393	2.787954
120	111	100359	200345	1.0
121	111	100359	230616	3.41008
122	111	100359	200344	2.0
123	111	100359	225698	1.02737
124	111	100359	233122	1.0
125	111	100359	200358	2.0
126	111	100359	200356	1.0
127	111	100359	231786	1.721302
128	111	100359	200362	3.0
129	111	100359	200361	1.0
130	111	100359	200360	1.0
131	111	100359	231791	17.8149
132	111	100359	231027	1.74864
133	111	100359	200375	1.0
134	111	100359	226359	17.7536
135	111	100359	200374	1.0
136	111	100359	200372	1.0
137	111	100359	200379	4.0
138	111	100359	200378	2.0
139	111	100359	226234	7.834890000000001
140	111	100359	200377	3.0
141	111	100359	200376	2.0
142	111	100359	200383	3.0
143	111	100359	200382	1.0
144	111	100359	200381	3.0
145	111	100359	225469	1.61654
146	111	100359	200380	2.0
147	111	100359	226364	7.228250000000001
148	111	100358	233099	25.73684
149	111	100358	225545	5.17722
150	111	100358	225673	0.124665
151	111	100358	225551	0.936215
152	111	100358	232077	0.487508
153	111	100358	225553	4.165649999999999
154	111	100358	200849	2.0
155	111	100358	229913	1.7364970000000002
156	111	100358	200345	2.0
157	111	100358	200344	3.0
158	111	100358	225698	2.05474
159	111	100358	233122	2.0
160	111	100358	232097	3.11662
161	111	100358	200359	2.0
162	111	100358	200363	1.0
163	111	100358	200362	3.0
164	111	100358	200361	3.0
165	111	100358	200360	2.0
166	111	100358	200375	1.0
167	111	100358	226359	17.7536
168	111	100358	200374	1.0
169	111	100358	200373	1.0
170	111	100358	200372	1.0
171	111	100358	200379	5.0
172	111	100358	200378	4.0
173	111	100358	226234	12.311950000000001
174	111	100358	200377	3.0
175	111	100358	200376	3.0
176	111	100358	200383	3.0
177	111	100358	200382	3.0
178	111	100358	200381	5.0
179	111	100358	225469	3.23308
180	111	100358	200380	2.0
181	111	100358	226364	15.902150000000002
182	111	100358	200386	1.0
183	111	100358	201409	2.0
184	111	100358	200385	1.0
185	111	100358	201408	1.0
186	111	100358	200384	2.0
187	111	100358	201413	5.0
188	111	100358	200403	1.0
189	111	100358	226386	12.89161
190	111	100358	230615	0.806606
191	111	100358	200407	1.0
192	111	100358	200406	4.0
193	111	100358	200405	3.0
194	111	100358	226393	0.929318
195	111	100358	230616	6.82016
196	111	100358	231786	2.581941
197	111	100358	231791	17.8149
198	111	100358	231027	1.16576
199	111	100361	201410	1.0
200	111	100361	200386	1.0
201	111	100361	201409	2.0
202	111	100361	200385	2.0
203	111	100361	201408	2.0
204	111	100361	200384	2.0
205	111	100361	201413	6.0
206	111	100361	233099	25.73684
207	111	100361	225545	2.58861
208	111	100361	225673	0.149598
209	111	100361	225551	0.748972
210	111	100361	232077	8.775129
211	111	100361	200403	2.0
212	111	100361	225553	4.165649999999999
213	111	100361	200849	2.0
214	111	100361	200407	1.0
215	111	100361	200406	5.0
216	111	100361	200405	4.0
217	111	100361	200404	1.0
218	111	100361	229913	4.124185999999999
219	111	100361	200345	3.0
220	111	100361	200344	4.0
221	111	100361	225698	2.05474
222	111	100361	233122	6.0
223	111	100361	200359	2.0
224	111	100361	200358	1.0
225	111	100361	200356	1.0
226	111	100361	231786	1.721302
227	111	100361	200362	5.0
228	111	100361	200360	2.0
229	111	100361	231791	35.6298
230	111	100361	231027	1.16576
231	111	100361	200375	2.0
232	111	100361	226359	81.66677
233	111	100361	200374	1.0
234	111	100361	200372	2.0
235	111	100361	200379	6.0
236	111	100361	200378	4.0
237	111	100361	226234	4.47708
238	111	100361	200377	5.0
239	111	100361	200376	3.0
240	111	100361	200383	6.0
241	111	100361	200382	3.0
242	111	100361	231229	10.692
243	111	100361	200381	6.0
244	111	100361	225469	3.23308
245	111	100361	200380	4.0
246	111	100361	226364	2.8913
247	111	100360	233099	12.86842
248	111	100360	225545	1.50398
249	111	100360	225673	0.12466509999999999
250	111	100360	225551	0.5617289999999999
251	111	100360	232077	4.38757
252	111	100360	225553	4.165649999999999
253	111	100360	200849	2.0
254	111	100360	229913	2.387685
255	111	100360	200345	2.0
256	111	100360	200344	3.0
257	111	100360	225698	1.02737
258	111	100360	233122	11.0
259	111	100360	200359	2.0
260	111	100360	200358	1.0
261	111	100360	200356	1.0
262	111	100360	200362	3.0
263	111	100360	200361	3.0
264	111	100360	200375	1.0
265	111	100360	226359	42.60867
266	111	100360	200374	1.0
267	111	100360	200373	1.0
268	111	100360	200372	1.0
269	111	100360	200379	5.0
270	111	100360	200378	2.0
271	111	100360	226234	8.95414
272	111	100360	200377	4.0
273	111	100360	200376	4.0
274	111	100360	200383	4.0
275	111	100360	200382	2.0
276	111	100360	225469	17.7819
277	111	100360	200381	5.0
278	111	100360	200380	2.0
279	111	100360	226364	10.119550000000002
280	111	100360	201410	1.0
281	111	100360	201409	2.0
282	111	100360	200385	2.0
283	111	100360	201408	1.0
284	111	100360	200384	1.0
285	111	100360	201413	4.0
286	111	100360	200403	2.0
287	111	100360	226386	3.2229
288	111	100360	230615	0.806606
289	111	100360	200407	1.0
290	111	100360	200406	4.0
291	111	100360	200405	3.0
292	111	100360	230616	1.70504
293	111	100360	231786	0.67475
294	111	100360	231791	17.8149
295	111	100360	231027	0.58288
296	111	100363	231027	0.58288
297	111	100363	201410	1.0
298	111	100363	200405	1.0
299	111	100363	229913	0.217062
300	111	100363	200377	1.0
301	111	100363	225673	0.024933
302	111	100363	200360	1.0
303	111	100363	200382	1.0
304	111	100362	233099	25.73684
305	111	100362	225545	5.49822
306	111	100362	225673	0.4238617
307	111	100362	225551	1.193112
308	111	100362	232077	4.38757
309	111	100362	200849	3.186
310	111	100362	225553	7.3732
311	111	100362	229913	6.728930999999999
312	111	100362	200345	4.0
313	111	100362	200344	7.0
314	111	100362	225698	2.05474
315	111	100362	233122	1.0
316	111	100362	200359	3.0
317	111	100362	200358	2.0
318	111	100362	200356	1.0
319	111	100362	200361	5.0
320	111	100362	200360	3.0
321	111	100362	200375	2.0
322	111	100362	226359	35.50722
323	111	100362	200374	2.0
324	111	100362	200372	3.186
325	111	100362	200379	9.0
326	111	100362	231483	14.25
327	111	100362	200378	6.0
328	111	100362	226234	17.908260000000002
329	111	100362	200377	6.0
330	111	100362	200376	6.0
331	111	100362	200383	8.0
332	111	100362	200382	4.0
333	111	100362	231229	69.49799999999999
334	111	100362	225469	3.362404
335	111	100362	200381	10.0
336	111	100362	200380	5.0
337	111	100362	226364	2.8913
338	111	100362	201410	1.0
339	111	100362	200386	1.0
340	111	100362	201409	3.0
341	111	100362	200385	3.0
342	111	100362	201408	3.0
343	111	100362	200384	3.0
344	111	100362	201413	8.0
345	111	100362	230479	1.35958
346	111	100362	200403	3.186
347	111	100362	226386	17.725980000000003
348	111	100362	230615	0.806606
349	111	100362	200407	3.0
350	111	100362	200406	6.0
351	111	100362	200405	7.434000000000001
352	111	100362	200404	1.062
353	111	100362	226393	0.464659
354	111	100362	230616	8.5252
355	111	100362	231786	5.484054
356	111	100362	231791	53.444700000000005
357	111	100362	231027	4.080159999999999
358	111	100362	231551	0.933691
359	111	133129	226307	0.644123
360	111	133129	201409	0.322062
361	111	133129	201413	1.288248
362	111	133129	225545	1.710148
363	111	133129	225673	0.5235934999999999
364	111	133129	200849	2.3942099999999997
365	111	133129	200407	0.644124
366	111	133129	200406	0.322062
367	111	133129	200405	0.68406
368	111	133129	229913	1.64441
369	111	133129	226393	17.600704
370	111	133129	200344	0.322062
371	111	133129	226399	2.576494
372	111	133129	200358	0.322062
373	111	133129	231786	11.286989
374	111	133129	200362	0.322062
375	111	133129	200361	0.644124
376	111	133129	200360	0.322062
377	111	133129	231791	14.9957
378	111	133129	231027	0.316032
379	111	133129	200374	0.322062
380	111	133129	231483	0.322062
381	111	133129	200379	1.6103100000000001
382	111	133129	200378	2.576492
383	111	133129	200377	0.9661850000000001
384	111	133129	200376	0.322062
385	111	133129	200383	0.966186
386	111	133129	200382	0.9661850000000001
387	111	133129	225469	0.502416
388	111	133129	200381	1.288248
389	111	133129	200380	0.322062
390	111	100373	201410	1.0
391	111	100373	200386	1.0
392	111	100373	201408	1.0
393	111	100373	200384	1.0
394	111	100373	225669	1.87667
395	111	100373	201413	1.0
396	111	100373	225545	7.76583
397	111	100373	230479	1.35958
398	111	100373	225551	0.936215
399	111	100373	226386	4.834350000000001
400	111	100373	225553	1.38855
401	111	100373	200849	1.0
402	111	100373	200407	1.0
403	111	100373	200406	1.0
404	111	100373	200405	1.0
405	111	100373	200404	1.0
406	111	100373	229913	0.217062
407	111	100373	226393	0.929318
408	111	100373	200345	1.0
409	111	100373	230616	1.70504
410	111	100373	200344	1.0
411	111	100373	232097	1.55831
412	111	100373	200359	1.0
413	111	100373	231786	6.024545
414	111	100373	200362	1.0
415	111	100373	200360	1.0
416	111	100373	231027	0.58288
417	111	100373	200375	1.0
418	111	100373	226359	3.55072
419	111	100373	200372	1.0
420	111	100373	200379	2.0
421	111	100373	231483	14.25
422	111	100373	200378	1.0
423	111	100373	226234	2.23854
424	111	100373	200377	1.0
425	111	100373	200376	1.0
426	111	100373	200383	1.0
427	111	100373	200382	1.0
428	111	100373	200381	2.0
429	111	100373	225469	1.61654
430	111	100373	200380	1.0
431	111	100373	226364	2.8913
432	111	100372	201409	1.0
433	111	100372	200385	1.0
434	111	100372	201408	1.0
435	111	100372	225669	1.87667
436	111	100372	201413	3.0
437	111	100372	225545	10.35444
438	111	100372	230479	1.35958
439	111	100372	225551	1.123458
440	111	100372	232077	0.487508
441	111	100372	200403	1.0
442	111	100372	226386	3.2229
443	111	100372	225553	2.7771
444	111	100372	200849	1.0
445	111	100372	200407	1.0
446	111	100372	200406	1.0
447	111	100372	200405	2.0
448	111	100372	200404	1.0
449	111	100372	226393	1.858636
450	111	100372	200345	1.0
451	111	100372	230616	3.41008
452	111	100372	200344	1.0
453	111	100372	200358	1.0
454	111	100372	231786	12.909714000000001
455	111	100372	200362	2.0
456	111	100372	200361	1.0
457	111	100372	200360	1.0
458	111	100372	200375	1.0
459	111	100372	226359	3.55072
460	111	100372	200374	1.0
461	111	100372	200379	2.0
462	111	100372	231483	14.25
463	111	100372	200378	2.0
464	111	100372	226234	1.11927
465	111	100372	200377	2.0
466	111	100372	200376	1.0
467	111	100372	200383	2.0
468	111	100372	200382	2.0
469	111	100372	200381	3.0
470	111	100372	225469	1.61654
471	111	100372	200380	2.0
472	111	100372	226364	2.8913
473	111	100375	200386	1.0
474	111	100375	201409	2.0
475	111	100375	201408	1.0
476	111	100375	200384	1.0
477	111	100375	201413	3.0
478	111	100375	233099	32.17103
479	111	100375	225545	1.50398
480	111	100375	225673	0.099732
481	111	100375	225551	0.374486
482	111	100375	200403	1.0
483	111	100375	226386	6.4458
484	111	100375	225553	2.7771
485	111	100375	200849	1.0
486	111	100375	230615	0.806606
487	111	100375	200407	1.0
488	111	100375	200406	2.0
489	111	100375	200405	2.0
490	111	100375	226393	3.252613
491	111	100375	200345	2.0
492	111	100375	230616	3.41008
493	111	100375	200344	1.0
494	111	100375	232097	1.55831
495	111	100375	200359	1.0
496	111	100375	200358	1.0
497	111	100375	231786	0.67475
498	111	100375	200362	2.0
499	111	100375	200361	1.0
500	111	100375	200360	1.0
501	111	100375	231027	1.74864
502	111	100375	226359	10.65216
503	111	100375	200374	1.0
504	111	100375	200372	1.0
505	111	100375	200379	3.0
506	111	100375	200378	2.0
507	111	100375	226234	2.23854
508	111	100375	200377	2.0
509	111	100375	200376	2.0
510	111	100375	200383	3.0
511	111	100375	200382	2.0
512	111	100375	225469	17.7819
513	111	100375	200381	2.0
514	111	100375	200380	3.0
515	111	100375	226364	2.8913
516	111	126359	233099	62.0
517	111	126359	225545	32.0
518	111	126359	225673	0.44879420000000003
519	111	126359	233096	260.0
520	111	126359	225551	37.0
521	111	126359	232077	7.386479999999999
522	111	126359	225553	58.0
523	111	126359	200849	17.06964
524	111	126359	200345	93.38076999999998
525	111	126359	200344	349.42528000000004
526	111	126359	225698	6.918287
527	111	126359	200359	31.12696
528	111	126359	200358	33.13516
529	111	126359	200356	30.12287
530	111	126359	200363	3.0122999999999998
531	111	126359	200362	65.26606
532	111	126359	200361	254.03618
533	111	126359	200360	42.17201
534	111	126359	200375	37.15156999999999
535	111	126359	200374	14.057339999999998
536	111	126359	200373	9.036869999999999
537	111	126359	200372	9.03687
538	111	126359	231483	3.0
539	111	126359	200379	33.1352
540	111	126359	226234	37.0
541	111	126359	200378	21.086009999999995
542	111	126359	200377	49.20067
543	111	126359	200376	67.27436
544	111	126359	200383	20.081899999999997
545	111	126359	200382	16.06554
546	111	126359	225469	14.0
547	111	126359	200381	43.176109999999994
548	111	126359	200380	25.1024
549	111	126359	200386	3.01229
550	111	126359	201410	8.032779999999999
551	111	126359	200385	12.04916
552	111	126359	201409	26.106479999999998
553	111	126359	200384	11.045069999999999
554	111	126359	201408	20.08193
555	111	126359	201413	53.217060000000004
556	111	126359	230479	2.28886
557	111	126359	200403	12.04917
558	111	126359	226386	2.71288
559	111	126359	200407	3.0122999999999998
560	111	126359	200406	23.0942
561	111	126359	200405	31.126959999999997
562	111	126359	200404	5.02049
563	111	126359	230616	2.87044
564	111	126359	231786	32.0
565	111	126359	231027	0.98128
566	111	100374	201408	1.0
567	111	100374	200384	1.0
568	111	100374	201413	2.0
569	111	100374	233099	12.86842
570	111	100374	225545	2.58861
571	111	100374	225673	0.024933
572	111	100374	225551	0.5617289999999999
573	111	100374	200403	1.0
574	111	100374	226386	3.2229
575	111	100374	225553	1.38855
576	111	100374	200849	1.0
577	111	100374	200406	2.0
578	111	100374	200405	1.0
579	111	100374	229913	0.217062
580	111	100374	226393	1.858636
581	111	100374	230616	1.70504
582	111	100374	200344	1.0
583	111	100374	200356	1.0
584	111	100374	231786	1.721302
585	111	100374	200362	1.0
586	111	100374	200360	1.0
587	111	100374	226359	3.55072
588	111	100374	200372	1.0
589	111	100374	200379	2.0
590	111	100374	200378	1.0
591	111	100374	226234	1.11927
592	111	100374	200377	1.0
593	111	100374	200376	2.0
594	111	100374	231551	0.933691
595	111	100374	200383	1.0
596	111	100374	200382	1.0
597	111	100374	200381	2.0
598	111	100374	225469	1.61654
599	111	100374	200380	1.0
600	111	100374	226364	1.44565
601	111	100377	233099	45.03943
602	111	100377	225545	9.58338
603	111	100377	225673	0.3490624
604	111	100377	225551	0.397704
605	111	100377	200849	3.186
606	111	100377	225553	5.89858
607	111	100377	229913	1.08531
608	111	100377	200345	3.0
609	111	100377	200344	3.0
610	111	100377	225698	2.05474
611	111	100377	232097	6.23324
612	111	100377	200359	2.0
613	111	100377	200358	1.0
614	111	100377	200356	1.0
615	111	100377	200363	1.0
616	111	100377	200362	4.0
617	111	100377	200361	3.0
618	111	100377	200360	3.0
619	111	100377	200375	2.0
620	111	100377	226359	10.65216
621	111	100377	200374	2.0
622	111	100377	200373	1.0
623	111	100377	200372	1.062
624	111	100377	200379	9.0
625	111	100377	200378	5.0
626	111	100377	226234	3.3578099999999997
627	111	100377	200376	6.0
628	111	100377	200383	8.0
629	111	100377	200382	4.0
630	111	100377	231229	5.346
631	111	100377	225469	33.62404
632	111	100377	200381	10.0
633	111	100377	200380	5.0
634	111	100377	226364	7.228250000000001
635	111	100377	201410	1.0
636	111	100377	200386	1.0
637	111	100377	201409	3.0
638	111	100377	200385	1.0
639	111	100377	201408	3.0
640	111	100377	200384	1.0
641	111	100377	201413	8.0
642	111	100377	200403	3.186
643	111	100377	226386	12.891609999999998
644	111	100377	230615	0.806606
645	111	100377	200407	3.0
646	111	100377	200406	5.0
647	111	100377	200405	6.372000000000001
648	111	100377	200404	1.062
649	111	100377	226393	10.687171
650	111	100377	230616	11.935279999999999
651	111	100377	231786	1.79146
652	111	100377	231791	17.8149
653	111	100377	231027	0.58288
654	111	100377	231551	0.933691
655	111	100376	233099	45.039429999999996
656	111	100376	225545	10.99644
657	111	100376	225673	0.27426320000000004
658	111	100376	225551	0.795408
659	111	100376	232077	0.487508
660	111	100376	200849	2.124
661	111	100376	225553	4.42392
662	111	100376	229913	0.651186
663	111	100376	200345	2.0
664	111	100376	200344	3.0
665	111	100376	225698	2.05474
666	111	100376	232097	1.55831
667	111	100376	200359	2.0
668	111	100376	200358	1.0
669	111	100376	200356	1.0
670	111	100376	200362	4.0
671	111	100376	200361	3.0
672	111	100376	200360	3.0
673	111	100376	200375	2.0
674	111	100376	226359	21.304319999999997
675	111	100376	200374	2.0
676	111	100376	200373	1.0
677	111	100376	200372	1.062
678	111	100376	200379	8.0
679	111	100376	200378	5.0
680	111	100376	226234	5.59635
681	111	100376	200377	5.0
682	111	100376	200383	7.0
683	111	100376	200382	4.0
684	111	100376	231229	5.346
685	111	100376	225469	2.5218030000000002
686	111	100376	200381	7.0
687	111	100376	200380	4.0
688	111	100376	226364	4.33695
689	111	100376	201410	1.0
690	111	100376	200386	1.0
691	111	100376	201409	2.0
692	111	100376	200385	1.0
693	111	100376	201408	3.0
694	111	100376	200384	2.0
695	111	100376	201413	7.0
696	111	100376	200403	2.124
697	111	100376	226386	12.89162
698	111	100376	230615	0.806606
699	111	100376	200407	3.0
700	111	100376	200406	5.0
701	111	100376	200405	5.3100000000000005
702	111	100376	226393	8.828529999999999
703	111	100376	230616	10.23024
704	111	100376	231786	2.742033
705	111	100376	231791	17.8149
706	111	100376	231027	2.33152
707	111	130584	226307	0.2011599
708	111	130584	200386	0.0670533
709	111	130584	200385	0.7375873000000001
710	111	130584	201409	0.2011599
711	111	130584	200384	0.737588
712	111	130584	201408	0.33526659999999997
713	111	130584	201413	1.4751733
714	111	130584	225545	10.396738000000001
715	111	130584	225673	0.9474541999999999
716	111	130584	233096	0.2682136
717	111	130584	225551	0.0712106
718	111	130584	200403	0.4272644
719	111	130584	200849	0.5696866
720	111	130584	200407	4.760785
721	111	130584	230615	0.0455266
722	111	130584	200406	4.8948920000000005
723	111	130584	200405	3.7029539999999996
724	111	130584	200404	0.2848424
725	111	130584	200345	0.2011599
726	111	130584	226393	4.693519
727	111	130584	229913	4.385101000000001
728	111	130584	200344	0.2682136
729	111	130584	225698	0.864787
730	111	130584	200359	0.20116030000000001
731	111	130584	200356	0.0670533
732	111	130584	231786	5.981694
733	111	130584	200362	1.2069603
734	111	130584	200361	0.8046396
735	111	130584	200360	0.20116030000000001
736	111	130584	200375	0.1341066
737	111	130584	200374	0.7375868999999999
738	111	130584	200373	0.0670533
739	111	130584	200372	0.356053
740	111	130584	200379	1.8104396
741	111	130584	231483	0.0670533
742	111	130584	200378	0.6034803
743	111	130584	226234	0.2011599
744	111	130584	200377	0.4693739
745	111	130584	200376	0.469374
746	111	130584	200383	1.2069599
747	111	130584	200382	2.145707
748	111	130584	225469	2.6499479999999997
749	111	130584	200381	1.4081199
750	111	130584	200380	0.6705336
751	111	131483	226307	1.0
752	111	131483	225669	3.15938
753	111	131483	225545	4.0
754	111	131483	225673	0.27426340000000005
755	111	131483	233096	5.0
756	111	131483	225551	42.0
757	111	131483	225553	45.0
758	111	131483	200849	19.146179999999998
759	111	131483	229913	0.730848
760	111	131483	200345	2.2525
761	111	131483	200344	4.505
762	111	131483	225698	9.512645
763	111	131483	232097	15.740479999999998
764	111	131483	200359	1.12625
765	111	131483	200358	2.2525
766	111	131483	200363	1.12625
767	111	131483	200362	9.00999
768	111	131483	200361	4.505
769	111	131483	200360	2.2525
770	111	131483	226359	1.0
771	111	131483	200374	1.12625
772	111	131483	200373	6.75749
773	111	131483	200372	9.00998
774	111	131483	200379	22.524929999999998
775	111	131483	226234	2.0
776	111	131483	200378	21.39867
777	111	131483	200377	5.631239999999999
778	111	131483	200376	6.757489999999999
779	111	131483	200383	7.8837399999999995
780	111	131483	200382	12.38872
781	111	131483	225469	27.0
782	111	131483	200381	45.04984
783	111	131483	226364	26.0
784	111	131483	200380	39.41861
785	111	131483	200386	1.12625
786	111	131483	201409	1.12625
787	111	131483	200385	4.505
788	111	131483	201408	22.524910000000006
789	111	131483	200384	7.883739999999999
790	111	131483	201413	6.757499999999999
791	111	131483	230479	5.72215
792	111	131483	200403	4.505
793	111	131483	226386	14.920869999999999
794	111	131483	230615	2.036883
795	111	131483	200407	6.757489999999999
796	111	131483	200406	21.39867
797	111	131483	200405	30.408640000000002
798	111	131483	200404	7.8837399999999995
799	111	131483	226393	4.693523
800	111	131483	230616	30.13963
801	111	131483	226399	3.0
802	111	131483	230631	1.0
803	111	131483	231786	3.0
804	111	131483	231027	6.86896
805	111	131483	231551	4.71561
806	111	100379	225669	1.87667
807	111	100379	225545	10.52788
808	111	100379	225673	0.3490623
809	111	100379	225551	0.187243
810	111	100379	232077	0.487508
811	111	100379	225553	6.942770000000001
812	111	100379	200849	5.0
813	111	100379	229913	2.604748
814	111	100379	200345	3.0
815	111	100379	200344	3.0
816	111	100379	225698	2.05474
817	111	100379	232097	15.583080000000002
818	111	100379	200359	2.0
819	111	100379	200358	2.0
820	111	100379	200356	2.0
821	111	100379	200362	6.0
822	111	100379	200361	4.0
823	111	100379	200360	3.0
824	111	100379	200375	3.0
825	111	100379	226359	14.20288
826	111	100379	200374	2.0
827	111	100379	200373	1.0
828	111	100379	200372	2.0
829	111	100379	231483	28.5
830	111	100379	200378	8.0
831	111	100379	226234	4.47708
832	111	100379	200377	9.0
833	111	100379	200376	7.0
834	111	100379	200383	11.0
835	111	100379	200382	8.0
836	111	100379	225469	71.12768000000001
837	111	100379	200381	13.0
838	111	100379	200380	8.0
839	111	100379	226364	4.33695
840	111	100379	201410	1.0
841	111	100379	200386	1.0
842	111	100379	201409	3.0
843	111	100379	200385	1.0
844	111	100379	201408	4.0
845	111	100379	200384	3.0
846	111	100379	201413	10.0
847	111	100379	230479	2.71916
848	111	100379	200403	4.0
849	111	100379	226386	9.6687
850	111	100379	230615	7.259450000000001
851	111	100379	200407	4.0
852	111	100379	200406	9.0
853	111	100379	200405	8.0
854	111	100379	200404	1.0
855	111	100379	226393	12.545817
856	111	100379	230616	11.93528
857	111	100379	231786	6.410093999999999
858	111	100379	231551	0.933691
859	111	100378	225669	1.87667
860	111	100378	233099	6.43421
861	111	100378	225545	9.02388
862	111	100378	225673	0.19946410000000003
863	111	100378	225551	0.5617289999999999
864	111	100378	232077	0.487508
865	111	100378	225553	5.55422
866	111	100378	200849	3.0
867	111	100378	229913	1.302373
868	111	100378	200345	2.0
869	111	100378	200344	3.0
870	111	100378	225698	1.02737
871	111	100378	232097	4.67493
872	111	100378	200359	1.0
873	111	100378	200358	2.0
874	111	100378	200356	1.0
875	111	100378	200363	1.0
876	111	100378	200362	4.0
877	111	100378	200361	3.0
878	111	100378	200360	2.0
879	111	100378	200375	2.0
880	111	100378	226359	14.20288
881	111	100378	200374	2.0
882	111	100378	200373	1.0
883	111	100378	200372	1.0
884	111	100378	200379	9.0
885	111	100378	231483	28.5
886	111	100378	226234	5.59635
887	111	100378	200377	7.0
888	111	100378	200376	5.0
889	111	100378	200383	6.0
890	111	100378	200382	5.0
891	111	100378	225469	24.73308
892	111	100378	200381	10.0
893	111	100378	200380	6.0
894	111	100378	226364	7.228250000000001
895	111	100378	201410	1.0
896	111	100378	200386	1.0
897	111	100378	201409	3.0
898	111	100378	200385	1.0
899	111	100378	201408	3.0
900	111	100378	200384	3.0
901	111	100378	201413	8.0
902	111	100378	230479	4.07874
903	111	100378	200403	3.0
904	111	100378	226386	9.6687
905	111	100378	230615	4.03303
906	111	100378	200407	3.0
907	111	100378	200406	6.0
908	111	100378	200405	6.0
909	111	100378	200404	1.0
910	111	100378	226393	6.040570000000001
911	111	100378	230616	5.115119999999999
912	111	100378	231786	5.060607999999999
913	111	100378	231027	0.58288
914	111	100378	231551	0.933691
915	111	126234	226307	6.0
916	111	126234	233099	14.0
917	111	126234	225545	2.0
918	111	126234	225673	0.32412949999999996
919	111	126234	233096	1.0
920	111	126234	225551	47.0
921	111	126234	232077	33.23916
922	111	126234	225553	10.0
923	111	126234	200849	14.340860000000001
924	111	126234	229913	13.886140000000001
925	111	126234	200345	24.463820000000002
926	111	126234	200344	40.49184
927	111	126234	225698	10.377438
928	111	126234	232097	2.62341
929	111	126234	200359	36.27394
930	111	126234	200358	36.273939999999996
931	111	126234	200356	32.89962
932	111	126234	200363	5.90506
933	111	126234	200362	145.09574
934	111	126234	200361	91.10664
935	111	126234	200360	32.89962
936	111	126234	226359	12.0
937	111	126234	200375	21.93308
938	111	126234	200374	14.340859999999997
939	111	126234	200373	10.122959999999999
940	111	126234	200372	10.122959999999999
941	111	126234	200379	60.7378
942	111	126234	200378	34.586780000000005
943	111	126234	200377	60.7378
944	111	126234	200376	60.73779999999999
945	111	126234	200383	40.49188
946	111	126234	200382	5.06148
947	111	126234	225469	11.0
948	111	126234	200381	34.58678
949	111	126234	226364	101.0
950	111	126234	200380	11.81012
951	111	126234	200386	6.748640000000001
952	111	126234	201410	26.150980000000004
953	111	126234	200385	27.838140000000003
954	111	126234	201409	23.620240000000003
955	111	126234	200384	26.994560000000003
956	111	126234	201408	21.089499999999997
957	111	126234	201413	77.60932
958	111	126234	230479	1.14443
959	111	126234	200403	10.966540000000002
960	111	126234	226386	50.18844
961	111	126234	230615	10.863373999999997
962	111	126234	200407	0.84358
963	111	126234	200406	11.810120000000001
964	111	126234	200405	20.245919999999998
965	111	126234	200404	5.0614799999999995
966	111	126234	226393	1.173381
967	111	126234	230616	31.574839999999995
968	111	126234	226399	58.0
969	111	126234	231786	8.0
970	111	126234	231791	344.9018
971	111	126234	231027	0.98128
972	111	126234	231551	0.785935
973	111	100381	225669	13.136690000000002
974	111	100381	225545	15.9723
975	111	100381	225673	0.57346
976	111	100381	225551	0.198852
977	111	100381	200849	5.3100000000000005
978	111	100381	225553	4.42392
979	111	100381	229913	3.0388739999999994
980	111	100381	200345	3.0
981	111	100381	200344	3.0
982	111	100381	225698	5.136849999999999
983	111	100381	232097	7.791550000000001
984	111	100381	200359	2.0
985	111	100381	200358	3.0
986	111	100381	200356	1.0
987	111	100381	200363	1.0
988	111	100381	200362	6.0
989	111	100381	200361	4.0
990	111	100381	200360	2.0
991	111	100381	200375	3.0
992	111	100381	226359	10.65216
993	111	100381	200374	2.0
994	111	100381	200373	2.0
995	111	100381	200372	2.124
996	111	100381	200379	15.0
997	111	100381	200378	9.0
998	111	100381	226234	2.23854
999	111	100381	200377	9.0
1000	111	100381	200376	7.0
1001	111	100381	200383	11.0
1002	111	100381	200382	8.0
1003	111	100381	231229	10.692
1004	111	100381	225469	26.22672
1005	111	100381	200380	9.0
1006	111	100381	226364	5.7826
1007	111	100381	201410	1.0
1008	111	100381	200386	2.0
1009	111	100381	201409	3.0
1010	111	100381	200385	2.0
1011	111	100381	201408	5.0
1012	111	100381	200384	3.0
1013	111	100381	201413	11.0
1014	111	100381	230479	4.07874
1015	111	100381	200403	3.186
1016	111	100381	226386	8.05725
1017	111	100381	230615	3.226424
1018	111	100381	200407	5.0
1019	111	100381	200406	10.0
1020	111	100381	200405	11.682
1021	111	100381	200404	1.062
1022	111	100381	226393	13.939798
1023	111	100381	230616	11.93528
1024	111	100381	231786	9.315545
1025	111	100381	231791	17.8149
1026	111	100381	231027	0.58288
1027	111	100381	231551	2.801073
1028	111	125469	226307	22.400000000000002
1029	111	125469	225669	13.269359999999999
1030	111	125469	233099	7.0
1031	111	125469	225545	197.0
1032	111	125469	225673	0.024933
1033	111	125469	233096	21.000000000000004
1034	111	125469	232077	2.010764
1035	111	125469	200849	9.911043
1036	111	125469	200345	3.6340540000000003
1037	111	125469	229913	16.88262
1038	111	125469	200344	10.241412
1039	111	125469	225698	62.95647
1040	111	125469	232097	28.463997000000003
1041	111	125469	200359	7.598466
1042	111	125469	200358	3.6340520000000005
1043	111	125469	200356	2.642943
1044	111	125469	200363	2.973316
1045	111	125469	200362	218.1072
1046	111	125469	200361	174.83396000000002
1047	111	125469	200360	5.285895
1048	111	125469	200375	6.277000000000001
1049	111	125469	226359	39.0
1050	111	125469	200374	6.276995
1051	111	125469	200373	4.29479
1052	111	125469	200372	8.589576000000001
1053	111	125469	200379	231.98779
1054	111	125469	231483	13.0
1055	111	125469	200378	150.9888
1056	111	125469	226234	26.0
1057	111	125469	200377	203.9212
1058	111	125469	200376	17.179150000000003
1059	111	125469	230584	13.250475999999999
1060	111	125469	200383	50.546380000000006
1061	111	125469	200382	31.71536
1062	111	125469	200381	102.41416000000001
1063	111	125469	231229	2.0999999999999996
1064	111	125469	200380	208.89190000000002
1065	111	125469	226364	222.04000000000002
1066	111	125469	201410	4.955525000000001
1067	111	125469	200386	4.955523
1068	111	125469	201409	12.223625
1069	111	125469	200385	36.67090999999999
1070	111	125469	201408	11.562888000000001
1071	111	125469	200384	23.125799999999998
1072	111	125469	201413	41.62647
1073	111	125469	230479	44.060559999999995
1074	111	125469	200403	6.937733000000001
1075	111	125469	226386	43.67754000000001
1076	111	125469	200407	22.46505
1077	111	125469	230615	11.406546000000002
1078	111	125469	200406	71.35954
1079	111	125469	200405	52.52858
1080	111	125469	200404	3.634049
1081	111	125469	226393	59.13836
1082	111	125469	230616	37.17225
1083	111	125469	226399	51.8
1084	111	125469	230631	1.4
1085	111	125469	231786	87.0
1086	111	125469	231791	31.491
1087	111	125469	231027	5.495158
1088	111	125469	231551	113.3319
1089	111	100380	225669	5.63001
1090	111	100380	233099	6.43421
1091	111	100380	225545	20.708879999999997
1092	111	100380	225673	0.124665
1093	111	100380	225551	0.5617289999999999
1094	111	100380	225553	2.7771
1095	111	100380	200849	3.0
1096	111	100380	229913	1.302372
1097	111	100380	200345	3.0
1098	111	100380	200344	1.0
1099	111	100380	225698	1.02737
1100	111	100380	232097	6.23324
1101	111	100380	200359	2.0
1102	111	100380	200358	1.0
1103	111	100380	200356	1.0
1104	111	100380	200362	4.0
1105	111	100380	200361	2.0
1106	111	100380	200360	2.0
1107	111	100380	200375	2.0
1108	111	100380	226359	10.65216
1109	111	100380	200374	1.0
1110	111	100380	200373	1.0
1111	111	100380	200372	2.0
1112	111	100380	200379	8.0
1113	111	100380	200378	6.0
1114	111	100380	226234	2.23854
1115	111	100380	200377	5.0
1116	111	100380	200376	4.0
1117	111	100380	200383	7.0
1118	111	100380	200382	5.0
1119	111	100380	231229	5.346
1120	111	100380	200381	8.0
1121	111	100380	225469	16.1654
1122	111	100380	226364	5.7826
1123	111	100380	201410	1.0
1124	111	100380	200386	1.0
1125	111	100380	201409	2.0
1126	111	100380	200385	2.0
1127	111	100380	201408	3.0
1128	111	100380	200384	1.0
1129	111	100380	201413	6.0
1130	111	100380	230479	4.07874
1131	111	100380	200403	2.0
1132	111	100380	226386	4.834350000000001
1133	111	100380	230615	2.4198180000000002
1134	111	100380	200407	3.0
1135	111	100380	200406	6.0
1136	111	100380	200405	6.0
1137	111	100380	200404	1.0
1138	111	100380	226393	6.505226
1139	111	100380	230616	3.41008
1140	111	100380	231786	12.049041
1141	111	100380	231791	17.8149
1142	111	100380	231027	0.58288
1143	111	100380	231551	0.933691
1144	111	126364	233099	60.0
1145	111	126364	225545	40.0
1146	111	126364	225673	0.34906230000000005
1147	111	126364	233096	256.0
1148	111	126364	225551	68.0
1149	111	126364	232077	9.43828
1150	111	126364	225553	177.0
1151	111	126364	200849	14.192838
1152	111	126364	200345	218.5696
1153	111	126364	200344	608.3988999999999
1154	111	126364	225698	5.188720999999999
1155	111	126364	200359	18.923755999999997
1156	111	126364	200358	37.84758000000001
1157	111	126364	200356	73.80259000000001
1158	111	126364	200363	0.946188
1159	111	126364	200362	17.03139
1160	111	126364	200361	68.12558
1161	111	126364	200360	65.287
1162	111	126364	200375	14.192833999999998
1163	111	126364	200374	30.278068
1164	111	126364	200373	10.408088
1165	111	126364	200372	35.955147999999994
1166	111	126364	231483	6.0
1167	111	126364	200379	54.87897
1168	111	126364	226234	22.0
1169	111	126364	200378	48.255658
1170	111	126364	200377	39.73987
1171	111	126364	200376	24.600887999999998
1172	111	126364	200383	9.461888
1173	111	126364	200382	9.461896
1174	111	126364	225469	17.0
1175	111	126364	200381	40.68609
1176	111	126364	200380	30.278028
1177	111	126364	200386	0.946188
1178	111	126364	201410	25.547098
1179	111	126364	200385	5.677126
1180	111	126364	201409	40.686110000000006
1181	111	126364	200384	3.784756
1182	111	126364	201408	40.686099999999996
1183	111	126364	201413	17.031390000000002
1184	111	126364	230479	2.28886
1185	111	126364	200403	19.869948
1186	111	126364	226386	2.71288
1187	111	126364	200407	3.784756
1188	111	126364	200406	17.031398
1189	111	126364	200405	33.11658
1190	111	126364	200404	8.515706
1191	111	126364	226399	2.0
1192	111	126364	231786	49.0
1193	111	100383	233099	25.73684
1194	111	100383	225545	10.99644
1195	111	100383	225673	0.598393
1196	111	100383	225551	0.198852
1197	111	100383	200849	4.248
1198	111	100383	225553	5.89856
1199	111	100383	229913	2.604748
1200	111	100383	200345	3.0
1201	111	100383	200344	3.0
1202	111	100383	225698	3.0821099999999997
1203	111	100383	232097	14.024780000000003
1204	111	100383	200359	2.0
1205	111	100383	200358	2.0
1206	111	100383	200356	1.0
1207	111	100383	200362	6.0
1208	111	100383	200361	3.0
1209	111	100383	200360	3.0
1210	111	100383	200375	3.0
1211	111	100383	226359	10.65216
1212	111	100383	200374	1.0
1213	111	100383	200373	1.0
1214	111	100383	200372	3.186
1215	111	100383	200379	11.0
1216	111	100383	231483	14.25
1217	111	100383	200378	7.0
1218	111	100383	226234	3.3578099999999997
1219	111	100383	200377	7.0
1220	111	100383	200376	6.0
1221	111	100383	200382	6.0
1222	111	100383	231229	10.692
1223	111	100383	225469	5.0436060000000005
1224	111	100383	200381	11.0
1225	111	100383	200380	6.0
1226	111	100383	226364	1.44565
1227	111	100383	201410	1.0
1228	111	100383	200386	1.0
1229	111	100383	201409	3.0
1230	111	100383	200385	2.0
1231	111	100383	201408	3.0
1232	111	100383	200384	3.0
1233	111	100383	201413	9.0
1234	111	100383	230479	2.71916
1235	111	100383	200403	2.124
1236	111	100383	226386	9.668709999999999
1237	111	100383	230615	6.452846000000001
1238	111	100383	200407	4.0
1239	111	100383	200406	7.0
1240	111	100383	200405	8.496
1241	111	100383	200404	1.062
1242	111	100383	226393	12.545814
1243	111	100383	230616	15.34536
1244	111	100383	231786	9.140085000000001
1245	111	100383	231791	17.8149
1246	111	100382	225669	7.50668
1247	111	100382	225545	16.49466
1248	111	100382	225673	0.42386159999999995
1249	111	100382	232077	0.487508
1250	111	100382	200849	3.186
1251	111	100382	225553	1.47464
1252	111	100382	229913	2.1706220000000003
1253	111	100382	200345	1.0
1254	111	100382	200344	3.0
1255	111	100382	225698	4.10948
1256	111	100382	232097	4.67493
1257	111	100382	200359	2.0
1258	111	100382	200358	1.0
1259	111	100382	200356	1.0
1260	111	100382	200362	4.0
1261	111	100382	200361	2.0
1262	111	100382	200360	1.0
1263	111	100382	200375	2.0
1264	111	100382	226359	7.10144
1265	111	100382	200374	1.0
1266	111	100382	200373	1.0
1267	111	100382	200372	1.062
1268	111	100382	200379	9.0
1269	111	100382	200378	4.0
1270	111	100382	226234	1.11927
1271	111	100382	200377	6.0
1272	111	100382	200376	4.0
1273	111	100382	200383	6.0
1274	111	100382	231229	5.346
1275	111	100382	225469	4.203005
1276	111	100382	200381	9.0
1277	111	100382	200380	5.0
1278	111	100382	201410	1.0
1279	111	100382	201409	2.0
1280	111	100382	200385	2.0
1281	111	100382	201408	2.0
1282	111	100382	200384	2.0
1283	111	100382	201413	6.0
1284	111	100382	230479	8.15748
1285	111	100382	200403	2.124
1286	111	100382	226386	3.2229
1287	111	100382	230615	3.226424
1288	111	100382	200407	3.0
1289	111	100382	200406	5.0
1290	111	100382	200405	6.372000000000001
1291	111	100382	200404	1.062
1292	111	100382	226393	8.828528
1293	111	100382	230616	1.70504
1294	111	100382	231786	10.054096000000001
1295	111	100382	231791	17.8149
1296	111	100382	231027	0.58288
1297	111	100382	231551	2.801073
1298	111	131229	200386	1.03438
1299	111	131229	201409	4.13752
1300	111	131229	200385	13.446890000000002
1301	111	131229	201408	4.13752
1302	111	131229	200384	4.137510000000001
1303	111	131229	201413	29.996879999999997
1304	111	131229	233099	19.0
1305	111	131229	225545	2.124
1306	111	131229	225673	0.12466509999999999
1307	111	131229	233096	3.0
1308	111	131229	225551	7.434000000000001
1309	111	131229	232077	4.92432
1310	111	131229	225553	9.558
1311	111	131229	200849	2.19702
1312	111	131229	200407	4.13752
1313	111	131229	200406	6.206270000000002
1314	111	131229	200405	5.49253
1315	111	131229	200404	1.09851
1316	111	131229	200345	6.20626
1317	111	131229	230616	1.43522
1318	111	131229	233122	1.0
1319	111	131229	225698	3.459144
1320	111	131229	200359	7.240640000000001
1321	111	131229	200358	2.06876
1322	111	131229	200356	4.1375
1323	111	131229	200363	2.06875
1324	111	131229	231786	2.124
1325	111	131229	200362	62.06247
1326	111	131229	200361	71.37179
1327	111	131229	200360	11.378120000000001
1328	111	131229	231027	0.49064
1329	111	131229	200375	9.3094
1330	111	131229	200374	4.13752
1331	111	131229	200372	1.09851
1332	111	131229	200379	13.446890000000003
1333	111	131229	226234	3.0
1334	111	131229	200378	5.171900000000001
1335	111	131229	200377	10.34376
1336	111	131229	200376	11.37814
1337	111	131229	200383	11.37813
1338	111	131229	200382	6.206270000000002
1339	111	131229	225469	1.56
1340	111	131229	200381	13.44688
1341	111	131229	200380	3.10313
1342	111	101409	201410	1.0
1343	111	101409	200385	1.0
1344	111	101409	200384	1.0
1345	111	101409	201408	1.0
1346	111	101409	201413	3.0
1347	111	101409	233099	25.73684
1348	111	101409	225545	2.58861
1349	111	101409	225673	0.049866
1350	111	101409	225551	0.936215
1351	111	101409	200403	1.0
1352	111	101409	226386	3.2229
1353	111	101409	225553	2.7771
1354	111	101409	200849	1.0
1355	111	101409	230615	0.806606
1356	111	101409	200407	1.0
1357	111	101409	200406	2.0
1358	111	101409	200405	3.0
1359	111	101409	229913	0.217062
1360	111	101409	226393	2.323295
1361	111	101409	230616	3.41008
1362	111	101409	200344	2.0
1363	111	101409	232097	1.55831
1364	111	101409	200358	1.0
1365	111	101409	200356	1.0
1366	111	101409	231786	4.303255
1367	111	101409	200362	2.0
1368	111	101409	200361	1.0
1369	111	101409	200360	2.0
1370	111	101409	231027	1.16576
1371	111	101409	200375	1.0
1372	111	101409	226359	7.10144
1373	111	101409	200374	1.0
1374	111	101409	200372	1.0
1375	111	101409	200379	4.0
1376	111	101409	231483	14.25
1377	111	101409	200378	2.0
1378	111	101409	226234	2.23854
1379	111	101409	200377	3.0
1380	111	101409	200376	2.0
1381	111	101409	231551	0.933691
1382	111	101409	200383	3.0
1383	111	101409	200382	1.0
1384	111	101409	200381	4.0
1385	111	101409	225469	1.61654
1386	111	101409	200380	2.0
1387	111	101409	226364	4.33695
1388	111	100385	200386	1.0
1389	111	100385	201408	1.0
1390	111	100385	201413	1.0
1391	111	100385	233099	12.86842
1392	111	100385	225673	0.074799
1393	111	100385	226386	8.05725
1394	111	100385	225553	1.38855
1395	111	100385	200849	1.0
1396	111	100385	200406	2.0
1397	111	100385	200405	1.0
1398	111	100385	229913	0.217062
1399	111	100385	226393	2.787954
1400	111	100385	230616	1.70504
1401	111	100385	200344	1.0
1402	111	100385	232097	1.55831
1403	111	100385	200356	1.0
1404	111	100385	231786	0.860651
1405	111	100385	200362	2.0
1406	111	100385	200361	2.0
1407	111	100385	200360	1.0
1408	111	100385	200375	1.0
1409	111	100385	226359	3.55072
1410	111	100385	200379	2.0
1411	111	100385	200378	1.0
1412	111	100385	200376	1.0
1413	111	100385	200383	1.0
1414	111	100385	200382	1.0
1415	111	100385	231229	5.346
1416	111	100385	200381	2.0
1417	111	100385	200380	1.0
1418	111	101408	225669	1.87667
1419	111	101408	233099	6.43421
1420	111	101408	225545	7.76583
1421	111	101408	225673	0.024933
1422	111	101408	225551	1.123458
1423	111	101408	225553	4.165649999999999
1424	111	101408	200849	1.0
1425	111	101408	229913	0.217062
1426	111	101408	200345	1.0
1427	111	101408	200344	1.0
1428	111	101408	225698	1.02737
1429	111	101408	232097	3.11662
1430	111	101408	200359	1.0
1431	111	101408	200358	1.0
1432	111	101408	200356	1.0
1433	111	101408	200363	1.0
1434	111	101408	200362	2.0
1435	111	101408	200361	2.0
1436	111	101408	200360	1.0
1437	111	101408	200375	2.0
1438	111	101408	226359	7.10144
1439	111	101408	200373	1.0
1440	111	101408	200372	1.0
1441	111	101408	200379	5.0
1442	111	101408	231483	14.25
1443	111	101408	200378	3.0
1444	111	101408	226234	3.3578099999999997
1445	111	101408	200377	3.0
1446	111	101408	200376	3.0
1447	111	101408	200383	4.0
1448	111	101408	200382	2.0
1449	111	101408	200381	5.0
1450	111	101408	225469	4.84962
1451	111	101408	200380	3.0
1452	111	101408	226364	5.7826
1453	111	101408	200385	1.0
1454	111	101408	201409	2.0
1455	111	101408	200384	1.0
1456	111	101408	201413	4.0
1457	111	101408	200403	1.0
1458	111	101408	226386	9.6687
1459	111	101408	230615	1.613212
1460	111	101408	200407	2.0
1461	111	101408	200406	3.0
1462	111	101408	200405	3.0
1463	111	101408	200404	1.0
1464	111	101408	226393	3.252613
1465	111	101408	230616	3.41008
1466	111	101408	231786	9.467125000000001
1467	111	101408	231027	0.58288
1468	111	101408	231551	0.933691
1469	111	100384	201409	1.0
1470	111	100384	200385	1.0
1471	111	100384	201408	1.0
1472	111	100384	201413	3.0
1473	111	100384	233099	19.30263
1474	111	100384	225545	5.49822
1475	111	100384	225673	0.17453100000000002
1476	111	100384	225551	0.198852
1477	111	100384	200403	1.062
1478	111	100384	226386	6.4458
1479	111	100384	200849	1.062
1480	111	100384	225553	2.9493
1481	111	100384	230615	0.806606
1482	111	100384	200407	1.0
1483	111	100384	200406	2.0
1484	111	100384	200405	2.124
1485	111	100384	229913	1.08531
1486	111	100384	226393	4.1819310000000005
1487	111	100384	200345	1.0
1488	111	100384	230616	6.82016
1489	111	100384	200344	1.0
1490	111	100384	225698	1.02737
1491	111	100384	232097	6.23324
1492	111	100384	200359	1.0
1493	111	100384	200358	1.0
1494	111	100384	231786	1.828022
1495	111	100384	200362	2.0
1496	111	100384	200361	2.0
1497	111	100384	231791	17.8149
1498	111	100384	200375	1.0
1499	111	100384	226359	3.55072
1500	111	100384	200373	1.0
1501	111	100384	200379	3.0
1502	111	100384	200378	2.0
1503	111	100384	226234	1.11927
1504	111	100384	200377	2.0
1505	111	100384	200376	2.0
1506	111	100384	200383	3.0
1507	111	100384	200382	1.0
1508	111	100384	225469	1.681202
1509	111	100384	200381	3.0
1510	111	100384	200380	2.0
1511	111	101410	200384	1.0
1512	111	101410	201408	1.0
1513	111	101410	201413	2.0
1514	111	101410	233099	19.30263
1515	111	101410	225545	2.58861
1516	111	101410	225673	0.024933
1517	111	101410	225551	0.374486
1518	111	101410	200403	1.0
1519	111	101410	226386	3.2229
1520	111	101410	225553	1.38855
1521	111	101410	200849	1.0
1522	111	101410	200406	2.0
1523	111	101410	200405	1.0
1524	111	101410	226393	1.393977
1525	111	101410	200345	1.0
1526	111	101410	230616	3.41008
1527	111	101410	200344	1.0
1528	111	101410	225698	1.02737
1529	111	101410	233122	1.0
1530	111	101410	200359	1.0
1531	111	101410	231786	0.860651
1532	111	101410	200362	1.0
1533	111	101410	200361	1.0
1534	111	101410	231027	0.58288
1535	111	101410	226359	3.55072
1536	111	101410	200374	1.0
1537	111	101410	200372	1.0
1538	111	101410	200379	2.0
1539	111	101410	200378	1.0
1540	111	101410	226234	3.3578099999999997
1541	111	101410	200377	1.0
1542	111	101410	200376	2.0
1543	111	101410	231551	0.933691
1544	111	101410	200383	1.0
1545	111	101410	200382	1.0
1546	111	101410	200381	2.0
1547	111	101410	225469	1.61654
1548	111	101410	200380	1.0
1549	111	101410	226364	4.33695
1550	111	100386	201409	1.0
1551	111	100386	200385	1.0
1552	111	100386	201413	1.0
1553	111	100386	233099	6.43421
1554	111	100386	225673	0.024933
1555	111	100386	226386	1.61145
1556	111	100386	225553	1.47464
1557	111	100386	200407	1.0
1558	111	100386	200405	1.062
1559	111	100386	229913	0.651186
1560	111	100386	226393	1.393977
1561	111	100386	200344	1.0
1562	111	100386	225698	1.02737
1563	111	100386	200359	1.0
1564	111	100386	200362	1.0
1565	111	100386	200361	1.0
1566	111	100386	231027	1.74864
1567	111	100386	226359	3.55072
1568	111	100386	200379	1.0
1569	111	100386	200378	1.0
1570	111	100386	226234	1.11927
1571	111	100386	200377	1.0
1572	111	100386	200376	1.0
1573	111	100386	200383	1.0
1574	111	100386	231229	5.346
1575	111	100386	225469	0.840601
1576	111	100386	200381	2.0
1577	111	100386	200380	1.0
1578	111	101413	233099	57.90785
1579	111	101413	225545	6.38892
1580	111	101413	225673	0.4986608
1581	111	101413	225551	0.397704
1582	111	101413	232077	0.487508
1583	111	101413	200849	3.186
1584	111	101413	225553	5.89858
1585	111	101413	229913	0.434124
1586	111	101413	200345	3.0
1587	111	101413	200344	4.0
1588	111	101413	225698	2.05474
1589	111	101413	200359	2.0
1590	111	101413	200358	2.0
1591	111	101413	200356	2.0
1592	111	101413	200362	6.0
1593	111	101413	200361	4.0
1594	111	101413	200360	3.0
1595	111	101413	200375	3.0
1596	111	101413	226359	21.304319999999997
1597	111	101413	200374	1.0
1598	111	101413	200373	1.0
1599	111	101413	200372	2.124
1600	111	101413	200379	10.0
1601	111	101413	200378	7.0
1602	111	101413	226234	4.47708
1603	111	101413	200377	9.0
1604	111	101413	200376	7.0
1605	111	101413	200383	8.0
1606	111	101413	200382	6.0
1607	111	101413	231229	10.692
1608	111	101413	225469	9.07848
1609	111	101413	200381	11.0
1610	111	101413	200380	6.0
1611	111	101413	226364	2.8913
1612	111	101413	200386	2.0
1613	111	101413	201410	1.0
1614	111	101413	200385	1.0
1615	111	101413	201409	3.0
1616	111	101413	200384	3.0
1617	111	101413	201408	4.0
1618	111	101413	230479	1.35958
1619	111	101413	200403	2.124
1620	111	101413	226386	29.00617
1621	111	101413	230615	0.806606
1622	111	101413	200407	4.0
1623	111	101413	200406	7.0
1624	111	101413	200405	7.434000000000001
1625	111	101413	200404	1.062
1626	111	101413	226393	13.939786999999999
1627	111	101413	230616	10.23024
1628	111	101413	231786	1.791457
1629	111	101413	231791	35.6298
1630	111	101413	231027	3.4972799999999995
1631	111	101413	231551	0.933691
1632	111	130479	226307	2.06767
1633	111	130479	200385	4.13534
1634	111	130479	200384	2.06767
1635	111	130479	201408	16.54133
1636	111	130479	201413	4.13534
1637	111	130479	233099	6.203010000000001
1638	111	130479	225545	71.31272
1639	111	130479	225673	1.5707816
1640	111	130479	225551	4.39174
1641	111	130479	200403	8.78348
1642	111	130479	225553	6.58759
1643	111	130479	200849	15.37105
1644	111	130479	200407	37.218
1645	111	130479	200406	97.18020000000001
1646	111	130479	200405	68.07181
1647	111	130479	200404	17.12775
1648	111	130479	229913	2.923396
1649	111	130479	226393	10.560431000000001
1650	111	130479	225698	0.864787
1651	111	130479	200358	2.06767
1652	111	130479	231786	186.68571
1653	111	130479	200362	4.13534
1654	111	130479	200361	2.06767
1655	111	130479	200360	2.06767
1656	111	130479	200374	8.27068
1657	111	130479	200372	10.97935
1658	111	130479	231483	6.203010000000001
1659	111	130479	200379	55.82694000000001
1660	111	130479	200378	55.82694000000001
1661	111	130479	200377	22.74435
1662	111	130479	200376	2.06767
1663	111	130479	200383	24.812
1664	111	130479	200382	74.43601
1665	111	130479	225469	0.5451196
1666	111	130479	200381	212.96970000000005
1667	111	130479	200380	72.36831000000001
1668	111	126384	233099	27.96697
1669	111	126384	225545	7.536057
1670	111	126384	225673	633.0
1671	111	126384	233096	2.92192
1672	111	126384	225551	3.9896760000000002
1673	111	126384	232077	68.45651000000001
1674	111	126384	225553	21.72157
1675	111	126384	200849	17.73189
1676	111	126384	200345	10.435425
1677	111	126384	200344	2.921917
1678	111	126384	225698	144.0
1679	111	126384	232097	3.756753
1680	111	126384	200359	15.86186
1681	111	126384	200358	6.678671
1682	111	126384	200356	6.678677
1683	111	126384	200363	28.80179
1684	111	126384	200362	151.93992
1685	111	126384	200361	112.28544000000001
1686	111	126384	200360	12.939935
1687	111	126384	200375	17.531534999999998
1688	111	126384	200374	14.609605
1689	111	126384	200373	7.9309270000000005
1690	111	126384	200372	14.185525
1691	111	126384	231483	3.7567559999999998
1692	111	126384	200379	139.83480000000003
1693	111	126384	200378	80.1442
1694	111	126384	226234	31.72373
1695	111	126384	200377	71.79577
1696	111	126384	200376	48.83781
1697	111	126384	230584	1.6696689999999998
1698	111	126384	200383	96.00583
1699	111	126384	200382	54.264250000000004
1700	111	126384	225469	53.39604
1701	111	126384	200381	136.07803
1702	111	126384	200380	67.62164999999999
1703	111	126384	200386	14.609605
1704	111	126384	201410	7.513507000000001
1705	111	126384	200385	75.13513
1706	111	126384	201409	16.279272
1707	111	126384	200384	39.65466
1708	111	126384	201408	28.38438
1709	111	126384	201413	84.31837000000002
1710	111	126384	230479	3.339337
1711	111	126384	200403	7.092754
1712	111	126384	226386	4.591588000000001
1713	111	126384	200407	25.46247
1714	111	126384	230615	13.774769000000001
1715	111	126384	200406	87.24037
1716	111	126384	200405	73.58724000000001
1717	111	126384	200404	7.9793449999999995
1718	111	126384	230616	27.54954
1719	111	126384	231786	56.29882
1720	111	126384	231791	2.0
1721	111	126384	231027	18.36637
1722	111	126384	231551	10.435437
1723	111	100403	201410	1.0
1724	111	100403	201409	1.0
1725	111	100403	200385	2.0
1726	111	100403	201408	2.0
1727	111	100403	200384	1.0
1728	111	100403	225669	3.75334
1729	111	100403	201413	4.0
1730	111	100403	225545	38.82915
1731	111	100403	225673	0.024933
1732	111	100403	225551	2.808655
1733	111	100403	226386	4.834350000000001
1734	111	100403	225553	4.165649999999999
1735	111	100403	200849	2.0
1736	111	100403	230615	1.613212
1737	111	100403	200407	1.0
1738	111	100403	200406	4.0
1739	111	100403	200405	3.0
1740	111	100403	200404	1.0
1741	111	100403	229913	1.08531
1742	111	100403	226393	1.858636
1743	111	100403	200345	1.0
1744	111	100403	230616	1.70504
1745	111	100403	200344	3.0
1746	111	100403	225698	1.02737
1747	111	100403	232097	1.55831
1748	111	100403	200359	1.0
1749	111	100403	200358	1.0
1750	111	100403	200356	1.0
1751	111	100403	231786	12.049064000000001
1752	111	100403	200362	3.0
1753	111	100403	200361	3.0
1754	111	100403	200360	1.0
1755	111	100403	200375	2.0
1756	111	100403	226359	7.10144
1757	111	100403	200373	1.0
1758	111	100403	200372	1.0
1759	111	100403	200379	5.0
1760	111	100403	200378	3.0
1761	111	100403	226234	1.11927
1762	111	100403	200377	4.0
1763	111	100403	200376	2.0
1764	111	100403	231551	1.867382
1765	111	100403	200383	4.0
1766	111	100403	200382	2.0
1767	111	100403	200381	6.0
1768	111	100403	225469	3.23308
1769	111	100403	200380	3.0
1770	111	100403	226364	8.673900000000001
1771	111	126386	226307	1.74855
1772	111	126386	200386	34.97107
1773	111	126386	201410	27.97685
1774	111	126386	201409	40.21672
1775	111	126386	200385	660.9531000000001
1776	111	126386	200384	41.96526000000001
1777	111	126386	201408	38.46819
1778	111	126386	201413	592.4098
1779	111	126386	233099	160.8667
1780	111	126386	225545	27.854450000000003
1781	111	126386	225673	1.1219864000000002
1782	111	126386	225551	3.71392
1783	111	126386	200403	9.28481
1784	111	126386	225553	27.854480000000002
1785	111	126386	200849	20.4266
1786	111	126386	200407	6.99421
1787	111	126386	200406	8.74276
1788	111	126386	200405	11.14177
1789	111	126386	200404	5.57088
1790	111	126386	226393	25.814379999999996
1791	111	126386	200344	1.74855
1792	111	126386	225698	0.864787
1793	111	126386	200359	40.21672
1794	111	126386	200358	22.73119
1795	111	126386	200356	10.49132
1796	111	126386	200363	1.74855
1797	111	126386	231786	24.140520000000002
1798	111	126386	200362	494.49080000000004
1799	111	126386	200361	1.74855
1800	111	126386	200360	3.4971
1801	111	126386	200375	50.708079999999995
1802	111	126386	200374	19.234090000000005
1803	111	126386	200373	13.988430000000001
1804	111	126386	200372	22.28355
1805	111	126386	231483	1.74855
1806	111	126386	200379	34.97106
1807	111	126386	200378	38.468140000000005
1808	111	126386	226234	50.70803
1809	111	126386	200377	87.42757
1810	111	126386	200376	103.16465000000001
1811	111	126386	200383	43.71383
1812	111	126386	200382	13.988420000000001
1813	111	126386	225469	6.36473
1814	111	126386	200381	36.71959
1815	111	126386	200380	15.73697
1816	111	100405	225669	7.50668
1817	111	100405	225545	51.7722
1818	111	100405	225673	0.099732
1819	111	100405	225551	0.748972
1820	111	100405	200849	4.0
1821	111	100405	229913	1.95356
1822	111	100405	200345	3.0
1823	111	100405	200344	4.0
1824	111	100405	225698	2.05474
1825	111	100405	232097	4.67493
1826	111	100405	200359	2.0
1827	111	100405	200358	2.0
1828	111	100405	200356	2.0
1829	111	100405	200362	7.0
1830	111	100405	200361	5.0
1831	111	100405	200360	3.0
1832	111	100405	200375	3.0
1833	111	100405	226359	17.7536
1834	111	100405	200374	1.0
1835	111	100405	200373	2.0
1836	111	100405	200372	3.0
1837	111	100405	200379	11.0
1838	111	100405	231483	14.25
1839	111	100405	200378	8.0
1840	111	100405	226234	2.23854
1841	111	100405	200377	9.0
1842	111	100405	200376	6.0
1843	111	100405	200383	9.0
1844	111	100405	200382	7.0
1845	111	100405	200381	13.0
1846	111	100405	225469	32.3308
1847	111	100405	200380	8.0
1848	111	100405	226364	8.673900000000001
1849	111	100405	201410	1.0
1850	111	100405	200386	1.0
1851	111	100405	201409	3.0
1852	111	100405	200385	2.0
1853	111	100405	201408	5.0
1854	111	100405	200384	4.0
1855	111	100405	201413	10.0
1856	111	100405	230479	4.07874
1857	111	100405	200403	3.0
1858	111	100405	226386	8.05725
1859	111	100405	230615	1.613212
1860	111	100405	200407	4.0
1861	111	100405	200406	8.0
1862	111	100405	200404	2.0
1863	111	100405	226393	9.757851
1864	111	100405	230616	6.82016
1865	111	100405	230631	1.188
1866	111	100405	231786	12.049064000000001
1867	111	100405	231791	17.8149
1868	111	100405	231551	3.734764
1869	111	100404	225669	3.75334
1870	111	100404	225545	31.063319999999994
1871	111	100404	225673	0.024933
1872	111	100404	225551	2.808655
1873	111	100404	225553	4.165649999999999
1874	111	100404	200849	1.0
1875	111	100404	229913	0.651186
1876	111	100404	200345	1.0
1877	111	100404	200344	3.0
1878	111	100404	225698	1.02737
1879	111	100404	200359	1.0
1880	111	100404	200356	1.0
1881	111	100404	200362	3.0
1882	111	100404	200361	2.0
1883	111	100404	200360	1.0
1884	111	100404	200375	1.0
1885	111	100404	226359	7.10144
1886	111	100404	200374	1.0
1887	111	100404	200372	1.0
1888	111	100404	200379	5.0
1889	111	100404	231483	14.25
1890	111	100404	200378	3.0
1891	111	100404	226234	2.23854
1892	111	100404	200377	3.0
1893	111	100404	200376	3.0
1894	111	100404	200383	3.0
1895	111	100404	200382	3.0
1896	111	100404	200381	4.0
1897	111	100404	225469	1.61654
1898	111	100404	200380	2.0
1899	111	100404	226364	7.228250000000001
1900	111	100404	200386	1.0
1901	111	100404	201409	1.0
1902	111	100404	200385	1.0
1903	111	100404	201408	2.0
1904	111	100404	200384	1.0
1905	111	100404	201413	4.0
1906	111	100404	230479	1.35958
1907	111	100404	200403	1.0
1908	111	100404	226386	3.2229
1909	111	100404	230615	1.613212
1910	111	100404	200407	2.0
1911	111	100404	200406	3.0
1912	111	100404	200405	2.0
1913	111	100404	226393	3.2526129999999998
1914	111	100404	230616	1.70504
1915	111	100404	231786	6.885184
1916	111	100404	231027	0.58288
1917	111	100404	231551	1.867382
1918	111	100407	201409	1.0
1919	111	100407	200385	1.0
1920	111	100407	201408	2.0
1921	111	100407	200384	1.0
1922	111	100407	225669	3.75334
1923	111	100407	201413	4.0
1924	111	100407	225545	8.24733
1925	111	100407	225673	0.2493302
1926	111	100407	230479	2.71916
1927	111	100407	200403	1.062
1928	111	100407	226386	1.61145
1929	111	100407	200849	1.062
1930	111	100407	230615	0.806606
1931	111	100407	200406	3.0
1932	111	100407	200405	4.248
1933	111	100407	200404	1.062
1934	111	100407	229913	0.868248
1935	111	100407	226393	5.111249
1936	111	100407	200345	1.0
1937	111	100407	200344	1.0
1938	111	100407	225698	5.136839999999999
1939	111	100407	232097	1.55831
1940	111	100407	200359	1.0
1941	111	100407	200356	1.0
1942	111	100407	231786	2.742033
1943	111	100407	200362	3.0
1944	111	100407	200361	1.0
1945	111	100407	200360	1.0
1946	111	100407	231791	17.8149
1947	111	100407	231027	0.58288
1948	111	100407	200375	1.0
1949	111	100407	226359	3.55072
1950	111	100407	200373	1.0
1951	111	100407	200372	1.062
1952	111	100407	200379	4.0
1953	111	100407	200378	3.0
1954	111	100407	226234	1.11927
1955	111	100407	200377	3.0
1956	111	100407	200376	3.0
1957	111	100407	231551	3.734764
1958	111	100407	200383	5.0
1959	111	100407	200382	2.0
1960	111	100407	225469	3.362404
1961	111	100407	200381	6.0
1962	111	100407	200380	3.0
1963	111	130615	226307	1.12768
1964	111	130615	200385	2.25536
1965	111	130615	200384	1.12768
1966	111	130615	201408	9.02144
1967	111	130615	201413	2.25536
1968	111	130615	233099	3.3830400000000003
1969	111	130615	225545	27.544690000000003
1970	111	130615	225673	1.5707816
1971	111	130615	225551	2.3952
1972	111	130615	200403	4.7904
1973	111	130615	225553	3.59279
1974	111	130615	200849	8.38318
1975	111	130615	200407	20.29822
1976	111	130615	200406	53.00092000000001
1977	111	130615	200405	37.125420000000005
1978	111	130615	200404	7.1855899999999995
1979	111	130615	229913	2.923396
1980	111	130615	226393	10.560431000000001
1981	111	130615	225698	0.864787
1982	111	130615	200358	1.12768
1983	111	130615	231786	61.07743
1984	111	130615	200362	2.25536
1985	111	130615	200361	1.12768
1986	111	130615	200360	1.12768
1987	111	130615	200374	4.51072
1988	111	130615	200372	5.9879999999999995
1989	111	130615	231483	3.3830400000000003
1990	111	130615	200379	30.447320000000005
1991	111	130615	200378	30.447320000000005
1992	111	130615	200377	12.40447
1993	111	130615	200376	1.12768
1994	111	130615	200383	13.53216
1995	111	130615	200382	40.596410000000006
1996	111	130615	225469	22.86931
1997	111	130615	200381	116.1509
1998	111	130615	200380	39.468740000000004
1999	111	100406	225669	5.63001
2000	111	100406	225545	27.491080000000004
2001	111	100406	225673	0.1994641
2002	111	100406	200849	3.186
2003	111	100406	229913	1.7364960000000003
2004	111	100406	200345	2.0
2005	111	100406	200344	1.0
2006	111	100406	225698	1.02737
2007	111	100406	232097	3.11662
2008	111	100406	200359	2.0
2009	111	100406	200358	1.0
2010	111	100406	200356	1.0
2011	111	100406	200362	4.0
2012	111	100406	200361	3.0
2013	111	100406	200360	1.0
2014	111	100406	200375	2.0
2015	111	100406	226359	3.55072
2016	111	100406	200374	1.0
2017	111	100406	200373	1.0
2018	111	100406	200372	1.062
2019	111	100406	200379	8.0
2020	111	100406	200378	6.0
2021	111	100406	226234	1.11927
2022	111	100406	200377	5.0
2023	111	100406	200376	5.0
2024	111	100406	200383	7.0
2025	111	100406	200382	6.0
2026	111	100406	231229	5.346
2027	111	100406	225469	10.927805
2028	111	100406	200381	9.0
2029	111	100406	200380	6.0
2030	111	100406	226364	4.33695
2031	111	100406	201409	3.0
2032	111	100406	200385	2.0
2033	111	100406	201408	2.0
2034	111	100406	200384	1.0
2035	111	100406	201413	7.0
2036	111	100406	230479	9.51707
2037	111	100406	200403	3.186
2038	111	100406	226386	1.61145
2039	111	100406	230615	1.613212
2040	111	100406	200407	4.0
2041	111	100406	200405	7.434000000000001
2042	111	100406	226393	8.82853
2043	111	100406	230616	1.70504
2044	111	100406	231786	5.484066
2045	111	100406	231791	17.8149
2046	111	100406	231027	1.16576
2047	111	100406	231551	2.801073
2048	111	130616	226307	0.767885
2049	111	130616	233099	8.702697
2050	111	130616	225545	12.232416
2051	111	130616	225673	0.099732
2052	111	130616	233096	1.023848
2053	111	130616	225551	0.815496
2054	111	130616	200849	3.2619819999999997
2055	111	130616	225553	4.077474
2056	111	130616	200345	1.023848
2057	111	130616	229913	6.394925
2058	111	130616	200344	1.791733
2059	111	130616	200359	2.559616
2060	111	130616	200358	2.8155780000000004
2061	111	130616	200356	1.5357720000000001
2062	111	130616	200363	0.511924
2063	111	130616	200362	21.50078
2064	111	130616	200361	2.047694
2065	111	130616	200360	1.7917319999999999
2066	111	130616	200375	6.143090000000001
2067	111	130616	226359	3.07154
2068	111	130616	200374	5.887124000000001
2069	111	130616	200373	3.8394259999999996
2070	111	130616	200372	3.5338119999999997
2071	111	130616	200379	33.01905
2072	111	130616	231483	2.303655
2073	111	130616	200378	14.84578
2074	111	130616	226234	4.095386
2075	111	130616	200377	34.55482
2076	111	130616	200376	15.357679999999997
2077	111	130616	200383	33.53097
2078	111	130616	200382	5.375201000000001
2079	111	130616	225469	2.262701
2080	111	130616	200381	11.518268
2081	111	130616	231229	2.5596170000000003
2082	111	130616	200380	7.4228879999999995
2083	111	130616	226364	0.255962
2084	111	130616	200386	0.7678860000000001
2085	111	130616	201410	5.119233
2086	111	130616	200385	12.542109999999997
2087	111	130616	201409	6.655008
2088	111	130616	200384	16.38153
2089	111	130616	201408	10.750388
2090	111	130616	201413	26.10808
2091	111	130616	200403	4.349303999999999
2092	111	130616	226386	0.347198
2093	111	130616	200407	0.511924
2094	111	130616	200406	3.839429
2095	111	130616	200405	5.980302
2096	111	130616	200404	1.087324
2097	111	130616	226393	51.237610000000004
2098	111	130616	226399	3.839424
2099	111	130616	231786	43.22118
2100	111	130616	231791	29.9914
2101	111	126392	200361	1.0
2102	111	126392	229913	0.5481360000000001
2103	111	126399	226307	2.0
2104	111	126399	233099	26.0
2105	111	126399	225545	9.558000000000002
2106	111	126399	225673	1.2466504
2107	111	126399	233096	4.0
2108	111	126399	225551	5.3100000000000005
2109	111	126399	232077	139.11218
2110	111	126399	225553	23.363999999999997
2111	111	126399	200849	7.35592
2112	111	126399	229913	22.839057000000004
2113	111	126399	200345	12.121329999999999
2114	111	126399	200344	13.852939999999998
2115	111	126399	225698	3.4591469999999997
2116	111	126399	200359	15.584559999999998
2117	111	126399	200358	10.3897
2118	111	126399	200363	48.48524999999999
2119	111	126399	200362	76.19112
2120	111	126399	200361	51.94852
2121	111	126399	200360	3.46324
2122	111	126399	200375	22.51101
2123	111	126399	200374	6.92647
2124	111	126399	200373	3.46324
2125	111	126399	200372	9.194880000000001
2126	111	126399	231483	1.0
2127	111	126399	200379	76.19115
2128	111	126399	226234	60.0
2129	111	126399	200378	27.705869999999997
2130	111	126399	200377	53.68011
2131	111	126399	200376	45.022009999999995
2132	111	126399	200383	48.48526
2133	111	126399	200382	15.58454
2134	111	126399	225469	14.040000000000001
2135	111	126399	231229	1.0
2136	111	126399	200381	53.680099999999996
2137	111	126399	200380	27.705869999999997
2138	111	126399	200386	32.90071
2139	111	126399	201410	6.92648
2140	111	126399	200385	64.06982
2141	111	126399	201409	15.584559999999998
2142	111	126399	200384	25.974249999999998
2143	111	126399	201408	17.31616
2144	111	126399	201413	77.92289
2145	111	126399	230479	1.14443
2146	111	126399	200403	11.03386
2147	111	126399	226386	4.06933
2148	111	126399	200407	5.19485
2149	111	126399	200406	29.437479999999997
2150	111	126399	200405	25.745669999999997
2151	111	126399	200404	3.67796
2152	111	126399	230616	4.30566
2153	111	126399	231786	20.178
2154	111	126399	231791	14.9957
2155	111	126399	231027	18.15368
2156	111	130631	225698	0.864787
2157	111	130631	200384	2.0
2158	111	130631	200358	1.0
2159	111	130631	201413	1.0
2160	111	130631	233099	2.0
2161	111	130631	231786	5.3100000000000005
2162	111	130631	225545	4.248
2163	111	130631	225673	0.4986604000000001
2164	111	130631	233096	2.0
2165	111	130631	225553	3.186
2166	111	130631	200406	1.0
2167	111	130631	200405	7.434
2168	111	130631	200373	1.0
2169	111	130631	200379	2.0
2170	111	130631	200377	1.0
2171	111	130631	226393	3.5201409999999997
2172	111	130631	200376	2.0
2173	111	130631	200383	2.0
2174	111	130631	226399	1.0
2175	111	130631	225469	0.52
2176	111	130631	200381	1.0
2177	111	130631	200380	1.0
2178	111	131027	226307	3.3637799999999998
2179	111	131027	233099	28.031519999999997
2180	111	131027	225545	1.19078
2181	111	131027	225673	1.6455802
2182	111	131027	225551	2.38156
2183	111	131027	225553	13.09855
2184	111	131027	200849	5.9539
2185	111	131027	200345	5.606299999999999
2186	111	131027	229913	3.654246
2187	111	131027	200344	5.606299999999999
2188	111	131027	225698	4.32394
2189	111	131027	200359	10.091339999999999
2190	111	131027	200358	10.091339999999999
2191	111	131027	200363	43.72914
2192	111	131027	200362	85.21580999999999
2193	111	131027	200361	30.27398
2194	111	131027	200360	3.36378
2195	111	131027	200375	17.94017
2196	111	131027	226359	10.091339999999999
2197	111	131027	200374	8.97008
2198	111	131027	200373	2.24252
2199	111	131027	200372	4.76312
2200	111	131027	200379	35.88033999999999
2201	111	131027	231483	3.3637799999999998
2202	111	131027	200378	17.94016
2203	111	131027	226234	10.091339999999999
2204	111	131027	200377	23.54647
2205	111	131027	200376	26.910239999999995
2206	111	131027	200383	16.81891
2207	111	131027	200382	10.091339999999999
2208	111	131027	225469	6.996665
2209	111	131027	200381	21.303939999999997
2210	111	131027	231229	4.48504
2211	111	131027	200380	6.7275599999999995
2212	111	131027	226364	2.24252
2213	111	131027	200386	13.455119999999999
2214	111	131027	201410	7.848819999999998
2215	111	131027	200385	29.152759999999997
2216	111	131027	201409	6.7275599999999995
2217	111	131027	200384	16.8189
2218	111	131027	201408	17.94016
2219	111	131027	201413	42.6079
2220	111	131027	200403	9.52623
2221	111	131027	200407	2.24252
2222	111	131027	200406	12.333859999999998
2223	111	131027	200405	20.24325
2224	111	131027	200404	4.76312
2225	111	131027	226399	6.72756
2226	111	131027	231786	10.717
2227	111	131027	231791	29.9914
2228	111	131536	225669	270.1265
2229	111	131536	225551	116.0
2230	111	131536	232077	0.82072
2231	111	131536	225553	26.0
2232	111	131536	200849	75.53679
2233	111	131536	229913	26.310580000000005
2234	111	131536	200345	17.353009999999998
2235	111	131536	200344	29.60221
2236	111	131536	225698	22.484464000000003
2237	111	131536	232097	35.416070000000005
2238	111	131536	200359	25.519140000000004
2239	111	131536	200358	31.643730000000005
2240	111	131536	200356	2.04154
2241	111	131536	200362	58.18372000000001
2242	111	131536	200361	37.76834
2243	111	131536	200360	19.39457
2244	111	131536	226359	17.0
2245	111	131536	200375	35.72685
2246	111	131536	200374	41.8514
2247	111	131536	200373	88.80659
2248	111	131536	200372	228.65159999999995
2249	111	131536	200379	335.8318
2250	111	131536	226234	2.0
2251	111	131536	200378	218.4439
2252	111	131536	200377	155.15630000000002
2253	111	131536	200376	60.225199999999994
2254	111	131536	200383	209.25689999999997
2255	111	131536	200382	127.59572999999997
2256	111	131536	225469	17.0
2257	111	131536	200381	215.38150000000002
2258	111	131536	226364	39.0
2259	111	131536	200380	157.19793
2260	111	131536	201410	7.145369999999999
2261	111	131536	200386	5.103829999999999
2262	111	131536	201409	101.05582999999999
2263	111	131536	200385	51.03835000000001
2264	111	131536	201408	168.4262
2265	111	131536	200384	123.51275
2266	111	131536	201413	95.95192
2267	111	131536	230479	11.4443
2268	111	131536	200403	150.05259999999998
2269	111	131536	226386	66.46578
2270	111	131536	230615	50.92209
2271	111	131536	200407	36.7476
2272	111	131536	200406	103.09733
2273	111	131536	200405	110.24269999999999
2274	111	131536	200404	22.456850000000003
2275	111	131536	226393	35.59256
2276	111	131536	230616	103.33593
2277	111	131536	226399	35.0
2278	111	131536	230631	7.0
2279	111	131536	231027	8.83152
2280	111	131536	231551	9.43121
2281	111	131551	233099	2.52102
2282	111	131551	225545	52.20779999999999
2283	111	131551	225673	2.8174340000000004
2284	111	131551	233096	0.630255
2285	111	131551	225551	1.338662
2286	111	131551	232077	0.258631
2287	111	131551	200849	4.015982
2288	111	131551	200345	1.26051
2289	111	131551	229913	7.308509000000001
2290	111	131551	200344	5.6722850000000005
2291	111	131551	225698	2.594361
2292	111	131551	200359	2.52102
2293	111	131551	200356	2.52102
2294	111	131551	200363	1.26051
2295	111	131551	200362	11.974835
2296	111	131551	200361	8.82357
2297	111	131551	200360	3.78153
2298	111	131551	200375	1.26051
2299	111	131551	200374	1.26051
2300	111	131551	200373	0.630255
2301	111	131551	200372	2.677322
2302	111	131551	231483	5.672295
2303	111	131551	200379	2.52102
2304	111	131551	226234	3.151275
2305	111	131551	200378	6.302545
2306	111	131551	200377	3.78153
2307	111	131551	200376	5.672295
2308	111	131551	200383	0.630255
2309	111	131551	200382	2.52102
2310	111	131551	225469	21.958075
2311	111	131551	200381	10.714315000000001
2312	111	131551	200380	6.302545
2313	111	131551	201410	0.630255
2314	111	131551	200386	1.890765
2315	111	131551	201409	3.78153
2316	111	131551	200385	8.19331
2317	111	131551	201408	11.344585
2318	111	131551	200384	0.630255
2319	111	131551	201413	7.563055
2320	111	131551	200403	3.346655
2321	111	131551	200407	8.823565
2322	111	131551	200406	28.36146
2323	111	131551	200405	20.079901999999997
2324	111	131551	200404	0.669331
2325	111	131551	226393	26.596624
2326	111	131551	226399	4.41178
2327	111	131551	231786	30.789150999999997
2328	111	131551	231791	89.9742
2329	111	131551	231027	0.927684
2330	111	126307	200386	2.05504
2331	111	126307	200385	3.08256
2332	111	126307	201409	3.08257
2333	111	126307	200384	4.11008
2334	111	126307	201408	5.13761
2335	111	126307	201413	26.71561
2336	111	126307	233099	4.0
2337	111	126307	225545	1.062
2338	111	126307	225673	0.1745312
2339	111	126307	225551	2.124
2340	111	126307	232077	2.8725199999999997
2341	111	126307	200403	1.09123
2342	111	126307	200849	1.09123
2343	111	126307	200407	1.02752
2344	111	126307	200406	7.19265
2345	111	126307	200404	2.18246
2346	111	126307	230616	4.30566
2347	111	126307	225698	1.729574
2348	111	126307	200359	6.1651299999999996
2349	111	126307	200358	1.02752
2350	111	126307	200363	1.02752
2351	111	126307	231786	2.124
2352	111	126307	200362	106.86238
2353	111	126307	200361	100.69723
2354	111	126307	231027	1.4719200000000001
2355	111	126307	200375	3.08256
2356	111	126307	200374	3.08256
2357	111	126307	200373	1.02752
2358	111	126307	200372	1.09123
2359	111	126307	200379	7.1926499999999995
2360	111	126307	226234	4.0
2361	111	126307	200378	8.22018
2362	111	126307	200377	12.330279999999998
2363	111	126307	200376	10.275239999999998
2364	111	126307	200383	6.16513
2365	111	126307	200382	1.02752
2366	111	126307	225469	2.6
2367	111	126307	200381	8.22018
2368	111	126307	200380	2.05504
2369	111	125669	233099	3.3976
2370	111	125669	225545	32.474219999999995
2371	111	125669	225673	0.8477231
2372	111	125669	233096	10.1928
2373	111	125669	225551	1.80413
2374	111	125669	200849	32.474289999999996
2375	111	125669	200345	5.0964
2376	111	125669	229913	5.664084000000001
2377	111	125669	200344	16.98798
2378	111	125669	200359	5.0964
2379	111	125669	200358	5.0964
2380	111	125669	200356	6.7952
2381	111	125669	200363	3.3976
2382	111	125669	200362	42.46998
2383	111	125669	200361	22.084380000000003
2384	111	125669	200360	3.3976
2385	111	125669	226359	1.6988
2386	111	125669	200375	6.7952
2387	111	125669	200374	8.494
2388	111	125669	200373	16.98799
2389	111	125669	200372	28.86598
2390	111	125669	200379	202.1572
2391	111	125669	231483	1.6988
2392	111	125669	226234	6.7952
2393	111	125669	200378	96.83159
2394	111	125669	200377	39.07236
2395	111	125669	200376	18.686770000000003
2396	111	125669	200383	88.33758999999999
2397	111	125669	200382	112.12079
2398	111	125669	225469	9.717122
2399	111	125669	200381	183.47039999999998
2400	111	125669	200380	129.1088
2401	111	125669	201410	3.3976
2402	111	125669	200386	1.6988
2403	111	125669	201409	6.7952
2404	111	125669	200385	28.87957
2405	111	125669	201408	33.97598
2406	111	125669	200384	18.68678
2407	111	125669	201413	42.46996
2408	111	125669	200403	16.23714
2409	111	125669	226386	2.30433
2410	111	125669	200407	5.0964
2411	111	125669	200406	40.7712
2412	111	125669	200405	57.732060000000004
2413	111	125669	200404	14.433010000000003
2414	111	125669	226393	23.46761
2415	111	125669	226399	20.3856
2416	111	125669	230631	1.6988
2417	111	125669	231786	270.61852
2418	111	125669	231791	44.9871
2419	111	125545	226307	8.0
2420	111	125545	225669	146.91090000000003
2421	111	125545	225673	0.049866
2422	111	125545	233096	3.0
2423	111	125545	225551	761.0
2424	111	125545	232077	2.0518
2425	111	125545	225553	798.0
2426	111	125545	200849	60.47095
2427	111	125545	229913	8.039347
2428	111	125545	200345	3.0747899999999997
2429	111	125545	200344	15.373949999999999
2430	111	125545	233122	1.0
2431	111	125545	225698	70.04773
2432	111	125545	232097	56.403349999999996
2433	111	125545	200359	22.54851
2434	111	125545	200358	12.299159999999999
2435	111	125545	200356	10.249299999999998
2436	111	125545	200363	3.07479
2437	111	125545	200362	49.196619999999996
2438	111	125545	200361	27.67313
2439	111	125545	200360	10.2493
2440	111	125545	226359	16.0
2441	111	125545	200375	12.299159999999999
2442	111	125545	200374	13.324089999999998
2443	111	125545	200373	9.22437
2444	111	125545	200372	55.34626000000001
2445	111	125545	231483	1.0
2446	111	125545	200379	160.91418000000002
2447	111	125545	226234	4.0
2448	111	125545	200378	142.46545
2449	111	125545	200377	59.44596
2450	111	125545	200376	21.523529999999997
2451	111	125545	200383	32.79778
2452	111	125545	200382	77.89473
2453	111	125545	231229	2.0
2454	111	125545	225469	178.0
2455	111	125545	200381	225.48489999999998
2456	111	125545	226364	31.0
2457	111	125545	200380	152.71480000000003
2458	111	125545	201410	10.249299999999998
2459	111	125545	200386	9.224369999999999
2460	111	125545	201409	28.698090000000004
2461	111	125545	200385	17.42381
2462	111	125545	201408	62.52078
2463	111	125545	200384	22.548459999999995
2464	111	125545	201413	36.8975
2465	111	125545	230479	43.48837
2466	111	125545	200403	98.39338
2467	111	125545	226386	116.65422
2468	111	125545	230615	32.59011
2469	111	125545	200407	52.27152
2470	111	125545	200406	144.51510000000002
2471	111	125545	200405	160.91400000000002
2472	111	125545	200404	28.698059999999998
2473	111	125545	226393	5.0846540000000005
2474	111	125545	230616	41.621370000000006
2475	111	125545	226399	19.0
2476	111	125545	230631	1.0
2477	111	125545	231786	10.0
2478	111	125545	231791	14.9957
2479	111	125545	231027	10.794080000000001
2480	111	125545	231551	53.44358000000001
2481	111	133099	226307	10.0
2482	111	133099	225545	2.0
2483	111	133099	225673	1.5209142
2484	111	133099	233096	31.0
2485	111	133099	225551	43.0
2486	111	133099	232077	5.74504
2487	111	133099	200849	19.69737
2488	111	133099	229913	2.923399
2489	111	133099	200345	27.99098
2490	111	133099	200344	39.394639999999995
2491	111	133099	225698	11.242237
2492	111	133099	232097	150.8462
2493	111	133099	200359	35.247870000000006
2494	111	133099	200358	47.68829000000001
2495	111	133099	200356	15.55054
2496	111	133099	200363	21.77078
2497	111	133099	200362	151.35872999999998
2498	111	133099	200361	58.05533
2499	111	133099	200360	23.84418
2500	111	133099	226359	29.0
2501	111	133099	200375	139.95492
2502	111	133099	200374	102.63363999999999
2503	111	133099	200373	15.550550000000001
2504	111	133099	200372	9.33033
2505	111	133099	200379	160.68900000000002
2506	111	133099	226234	8.0
2507	111	133099	200378	106.78032000000002
2508	111	133099	200377	398.09399999999994
2509	111	133099	200376	286.13
2510	111	133099	200383	155.50560000000002
2511	111	133099	200382	44.57818999999999
2512	111	133099	225469	8.0
2513	111	133099	200381	59.09199000000001
2514	111	133099	226364	165.0
2515	111	133099	200380	10.36703
2516	111	133099	200386	36.28461
2517	111	133099	201410	62.20221999999999
2518	111	133099	200385	239.4785
2519	111	133099	201409	186.60670000000002
2520	111	133099	200384	120.25754
2521	111	133099	201408	38.35799000000001
2522	111	133099	201413	430.2318
2523	111	133099	230479	10.29988
2524	111	133099	226386	339.11109999999996
2525	111	133099	230615	18.33194
2526	111	133099	200407	8.29363
2527	111	133099	200406	36.28461
2528	111	133099	200405	103.67027000000002
2529	111	133099	200404	29.02768
2530	111	133099	226393	186.95875999999998
2531	111	133099	230616	421.9551
2532	111	133099	226399	79.0
2533	111	133099	231786	10.0
2534	111	133099	231791	59.9829
2535	111	133099	231027	67.70837999999999
2536	111	133099	231551	6.28748
2537	111	133096	233099	4.0
2538	111	133096	225673	0.2243973
2539	111	133096	225551	13.0
2540	111	133096	232077	9.02792
2541	111	133096	225553	13.0
2542	111	133096	200849	8.212499999999999
2543	111	133096	229913	1.096273
2544	111	133096	200345	46.19529
2545	111	133096	200344	100.60301
2546	111	133096	233122	1.0
2547	111	133096	225698	3.459148
2548	111	133096	200359	8.212499999999999
2549	111	133096	200358	15.398469999999998
2550	111	133096	200356	21.557809999999996
2551	111	133096	200363	4.10624
2552	111	133096	200362	60.56716000000001
2553	111	133096	200361	102.65619
2554	111	133096	200360	15.398459999999996
2555	111	133096	226359	43.0
2556	111	133096	200375	9.239069999999998
2557	111	133096	200374	13.345320000000001
2558	111	133096	200373	3.0796799999999998
2559	111	133096	200372	9.239059999999998
2560	111	133096	200379	21.557819999999996
2561	111	133096	200378	18.47813
2562	111	133096	200377	28.74374
2563	111	133096	200376	22.584379999999996
2564	111	133096	200383	11.292189999999998
2565	111	133096	200382	3.0796799999999998
2566	111	133096	225469	8.0
2567	111	133096	200381	14.371889999999997
2568	111	133096	226364	74.0
2569	111	133096	200380	8.21251
2570	111	133096	201410	9.239059999999998
2571	111	133096	200385	11.292209999999999
2572	111	133096	201409	17.45158
2573	111	133096	200384	7.185929999999999
2574	111	133096	201408	14.371879999999997
2575	111	133096	201413	26.69062
2576	111	133096	230479	1.14443
2577	111	133096	200403	4.10624
2578	111	133096	226386	6.7822000000000005
2579	111	133096	200407	3.0796799999999998
2580	111	133096	200406	5.132809999999999
2581	111	133096	200405	8.212489999999999
2582	111	133096	200404	4.10624
2583	111	133096	230616	11.48176
2584	111	133096	226399	4.0
2585	111	133096	231786	2.0
2586	111	133096	231027	0.49064
2587	111	125551	226307	81.0
2588	111	125551	225669	12.63749
2589	111	125551	233099	5.0
2590	111	125551	225545	464.0
2591	111	125551	233096	54.0
2592	111	125551	232077	4.92432
2593	111	125551	200849	85.17074
2594	111	125551	229913	15.165132000000002
2595	111	125551	200345	49.183099999999996
2596	111	125551	200344	118.7594
2597	111	125551	225698	13.836580000000001
2598	111	125551	232097	15.74048
2599	111	125551	200359	31.189320000000002
2600	111	125551	200358	27.59053
2601	111	125551	200356	26.390960000000007
2602	111	125551	200363	14.395079999999998
2603	111	125551	200362	144.32938
2604	111	125551	200361	231.52041999999997
2605	111	125551	200360	35.98762000000001
2606	111	125551	226359	92.0
2607	111	125551	200375	65.97734999999999
2608	111	125551	200374	45.584320000000005
2609	111	125551	200373	44.38471
2610	111	125551	200372	70.77555
2611	111	125551	231483	15.0
2612	111	125551	200379	73.49423
2613	111	125551	226234	71.0
2614	111	125551	200378	173.9403
2615	111	125551	200377	53.12171000000001
2616	111	125551	230584	10.81671
2617	111	125551	200376	116.36
2618	111	125551	200383	49.18310999999999
2619	111	125551	200382	29.98971
2620	111	125551	231229	5.0
2621	111	125551	200381	115.1603
2622	111	125551	226364	180.96399999999997
2623	111	125551	200380	171.5411
2624	111	125551	201410	22.79217
2625	111	125551	200386	13.19549
2626	111	125551	201409	85.17073
2627	111	125551	200385	70.77571999999999
2628	111	125551	201408	112.76121
2629	111	125551	200384	28.79012
2630	111	125551	201413	151.1481
2631	111	125551	230479	10.29987
2632	111	125551	200403	64.77772
2633	111	125551	226386	29.841769999999997
2634	111	125551	230615	11.542332
2635	111	125551	200407	27.59055
2636	111	125551	200406	101.96488
2637	111	125551	200405	113.96069999999999
2638	111	125551	200404	53.9815
2639	111	125551	226393	55.148939999999996
2640	111	125551	230616	20.093079999999997
2641	111	125551	226399	27.0
2642	111	125551	231786	208.0
2643	111	125551	231791	14.9957
2644	111	125551	231027	10.30344
2645	111	125551	231551	44.01234
2646	111	132077	226307	15.416283999999997
2647	111	132077	201410	0.616652
2648	111	132077	200386	4.933204
2649	111	132077	201409	3.08326
2650	111	132077	200385	4.933204
2651	111	132077	201408	2.466608
2652	111	132077	201413	4.316556
2653	111	132077	233099	19.11619
2654	111	132077	225545	1.233304
2655	111	132077	225673	0.024933
2656	111	132077	233096	24.049411999999997
2657	111	132077	200403	0.616652
2658	111	132077	225553	9.86642
2659	111	132077	200849	2.4666040000000002
2660	111	132077	200406	0.616652
2661	111	132077	200405	0.616652
2662	111	132077	200345	28.982629999999997
2663	111	132077	229913	25.762460000000004
2664	111	132077	200344	40.082350000000005
2665	111	132077	226399	122.71349999999998
2666	111	132077	200359	5.549854
2667	111	132077	200358	5.5498520000000005
2668	111	132077	200356	12.333032
2669	111	132077	200363	14.182983999999998
2670	111	132077	200362	88.18118999999999
2671	111	132077	231786	4.316554
2672	111	132077	200361	174.51241000000002
2673	111	132077	200360	30.215929999999997
2674	111	132077	231791	89.9743
2675	111	132077	226359	15.416272
2676	111	132077	200375	4.933204
2677	111	132077	200373	1.233304
2678	111	132077	200372	0.616652
2679	111	132077	226234	36.38245
2680	111	132077	200378	0.616652
2681	111	132077	200377	3.0832560000000004
2682	111	132077	200376	6.783170000000001
2683	111	132077	200383	1.233304
2684	111	132077	231229	16.649592
2685	111	132077	225469	0.616652
2686	111	132077	226364	0.616652
2687	111	132077	200380	1.849952
2688	111	100849	201409	2.0
2689	111	100849	200385	1.0
2690	111	100849	201408	2.0
2691	111	100849	200384	2.0
2692	111	100849	225669	3.75334
2693	111	100849	201413	4.0
2694	111	100849	225545	12.94305
2695	111	100849	225673	0.074799
2696	111	100849	225551	1.3107010000000001
2697	111	100849	200403	1.0
2698	111	100849	226386	6.4458
2699	111	100849	225553	4.165649999999999
2700	111	100849	230615	0.806606
2701	111	100849	200407	2.0
2702	111	100849	200406	3.0
2703	111	100849	200405	4.0
2704	111	100849	200404	1.0
2705	111	100849	229913	0.651186
2706	111	100849	226393	1.858636
2707	111	100849	200345	1.0
2708	111	100849	230616	1.70504
2709	111	100849	200344	2.0
2710	111	100849	200359	1.0
2711	111	100849	200358	1.0
2712	111	100849	231786	12.909690999999999
2713	111	100849	200362	3.0
2714	111	100849	200361	1.0
2715	111	100849	200360	2.0
2716	111	100849	231027	0.58288
2717	111	100849	200375	1.0
2718	111	100849	226359	7.10144
2719	111	100849	200374	1.0
2720	111	100849	200373	1.0
2721	111	100849	200372	1.0
2722	111	100849	200379	5.0
2723	111	100849	200378	4.0
2724	111	100849	226234	1.11927
2725	111	100849	200377	3.0
2726	111	100849	200376	3.0
2727	111	100849	231551	0.933691
2728	111	100849	200383	4.0
2729	111	100849	200382	2.0
2730	111	100849	200381	6.0
2731	111	100849	225469	6.46616
2732	111	100849	200380	3.0
2733	111	100849	226364	4.33695
2734	111	125553	226307	22.0
2735	111	125553	225669	47.390600000000006
2736	111	125553	225545	940.0
2737	111	125553	233096	73.0
2738	111	125553	232077	12.72116
2739	111	125553	200849	67.23434
2740	111	125553	229913	24.848889999999997
2741	111	125553	200345	30.73564
2742	111	125553	200344	45.14304
2743	111	125553	225698	31.1323
2744	111	125553	232097	128.54713999999998
2745	111	125553	200359	36.498599999999996
2746	111	125553	200358	16.32833
2747	111	125553	200356	14.40735
2748	111	125553	200362	65.31334
2749	111	125553	200361	32.6567
2750	111	125553	200360	23.05172
2751	111	125553	226359	111.0
2752	111	125553	200375	38.4196
2753	111	125553	200374	7.68392
2754	111	125553	200373	13.4469
2755	111	125553	200372	31.696130000000004
2756	111	125553	231483	23.0
2757	111	125553	200379	80.68113000000001
2758	111	125553	226234	61.0
2759	111	125553	200378	66.27374999999999
2760	111	125553	200377	68.19472999999999
2761	111	125553	200376	52.82696000000001
2762	111	125553	200383	56.66884
2763	111	125553	200382	42.26156
2764	111	125553	231229	15.0
2765	111	125553	225469	23.0
2766	111	125553	200381	102.77243000000001
2767	111	125553	226364	463.0
2768	111	125553	200380	66.27383
2769	111	125553	201410	9.6049
2770	111	125553	200386	7.68392
2771	111	125553	201409	28.81474
2772	111	125553	200385	22.09132
2773	111	125553	201408	44.18255
2774	111	125553	200384	31.6961
2775	111	125553	201413	71.07624
2776	111	125553	230479	8.01102
2777	111	125553	200403	41.301030000000004
2778	111	125553	226386	155.99110000000002
2779	111	125553	230615	38.021829999999994
2780	111	125553	200407	24.972700000000003
2781	111	125553	200406	67.23436
2782	111	125553	200405	89.32557000000001
2783	111	125553	200404	13.44686
2784	111	125553	226393	8.99592
2785	111	125553	230616	27.2692
2786	111	125553	226399	54.0
2787	111	125553	230631	10.0
2788	111	125553	231786	456.0
2789	111	125553	231027	3.43448
2790	111	125553	231551	25.149910000000006
2791	111	125682	226307	5.38
2792	111	125682	233099	1.345
2793	111	125682	233096	4.035
2794	111	125682	232077	18.83
2795	111	125682	200849	18.56907
2796	111	125682	229913	164.0
2797	111	125682	200345	13.450000000000001
2798	111	125682	200344	40.34997
2799	111	125682	225698	2.0
2800	111	125682	200359	10.760000000000002
2801	111	125682	200358	9.415000000000001
2802	111	125682	200356	14.795
2803	111	125682	200363	25.55499
2804	111	125682	200362	587.2125
2805	111	125682	200361	80.69995999999999
2806	111	125682	200360	13.450000000000001
2807	111	125682	200375	24.209989999999998
2808	111	125682	200374	21.51999
2809	111	125682	200373	20.17499
2810	111	125682	200372	15.712290000000001
2811	111	125682	200379	126.42999999999999
2812	111	125682	231483	2.69
2813	111	125682	226234	1.345
2814	111	125682	200378	67.24996
2815	111	125682	200377	69.93997
2816	111	125682	230584	14.795000000000002
2817	111	125682	200376	41.695
2818	111	125682	200383	92.80497000000001
2819	111	125682	200382	67.24995000000001
2820	111	125682	225469	3.497
2821	111	125682	200381	119.70497000000002
2822	111	125682	200380	45.72996
2823	111	125682	201410	8.07
2824	111	125682	200386	10.760000000000002
2825	111	125682	201409	21.519989999999996
2826	111	125682	200385	467.3733
2827	111	125682	201408	25.55499
2828	111	125682	200384	60.524969999999996
2829	111	125682	201413	389.4779
2830	111	125682	230479	17.485
2831	111	125682	200403	8.57034
2832	111	125682	226386	29.589979999999997
2833	111	125682	230615	32.279979999999995
2834	111	125682	200407	26.899990000000003
2835	111	125682	200406	88.76995000000001
2836	111	125682	200405	57.13551999999999
2837	111	125682	200404	9.99873
2838	111	125682	226393	503.0
2839	111	125682	230616	12.105
2840	111	125682	226399	75.31996000000001
2841	111	125682	230631	6.725
2842	111	125682	231786	109.98592999999998
2843	111	125682	231791	7.0
2844	111	125682	231027	49.76497
2845	111	125682	231551	34.96998
2846	111	100345	200386	1.0
2847	111	100345	200385	1.0
2848	111	100345	201409	2.0
2849	111	100345	200384	2.0
2850	111	100345	201408	2.0
2851	111	100345	201413	5.0
2852	111	100345	233099	12.86842
2853	111	100345	225673	0.09973209999999999
2854	111	100345	225551	0.5617289999999999
2855	111	100345	232077	3.9000630000000003
2856	111	100345	200403	1.0
2857	111	100345	225553	4.16567
2858	111	100345	200849	1.0
2859	111	100345	200407	1.0
2860	111	100345	200406	4.0
2861	111	100345	200405	3.0
2862	111	100345	200404	1.0
2863	111	100345	229913	0.868248
2864	111	100345	230616	1.70504
2865	111	100345	200344	3.0
2866	111	100345	225698	1.02737
2867	111	100345	233122	5.0
2868	111	100345	200359	1.0
2869	111	100345	200358	1.0
2870	111	100345	200356	1.0
2871	111	100345	200363	1.0
2872	111	100345	231786	2.5819530000000004
2873	111	100345	200362	3.0
2874	111	100345	200361	4.0
2875	111	100345	200360	2.0
2876	111	100345	231791	17.8149
2877	111	100345	231027	0.58288
2878	111	100345	200375	1.0
2879	111	100345	226359	28.405769999999997
2880	111	100345	200374	1.0
2881	111	100345	200373	1.0
2882	111	100345	200372	1.0
2883	111	100345	200379	6.0
2884	111	100345	200378	3.0
2885	111	100345	226234	1.11927
2886	111	100345	200377	6.0
2887	111	100345	200376	3.0
2888	111	100345	200383	4.0
2889	111	100345	200382	3.0
2890	111	100345	200381	4.0
2891	111	100345	225469	1.61654
2892	111	100345	200380	3.0
2893	111	100345	226364	44.81523
2894	111	129912	201410	13.183998
2895	111	129912	200386	12.408477999999999
2896	111	129912	201409	36.44984
2897	111	129912	200385	462.5254
2898	111	129912	201408	48.85834
2899	111	129912	200384	123.30919000000002
2900	111	129912	201413	581.9568
2901	111	129912	233099	91.51243
2902	111	129912	225545	49.25855
2903	111	129912	225673	578.0
2904	111	129912	225551	14.82503
2905	111	129912	230479	6.204225999999999
2906	111	129912	200403	23.061122
2907	111	129912	226386	25.59245
2908	111	129912	200849	37.88613
2909	111	129912	225553	121.89461
2910	111	129912	230615	27.143496999999996
2911	111	129912	200407	44.98063000000001
2912	111	129912	200406	126.41113
2913	111	129912	200405	100.48071999999999
2914	111	129912	200404	64.7952
2915	111	129912	230616	49.63376
2916	111	129912	225698	100.0
2917	111	129912	232097	17.061639
2918	111	129912	200359	16.286109
2919	111	129912	200358	19.388208
2920	111	129912	200363	3.877648
2921	111	129912	231786	63.52516
2922	111	129912	200362	38.00091
2923	111	129912	200361	2.326587
2924	111	129912	200375	35.67431
2925	111	129912	200374	28.69457
2926	111	129912	200373	18.61268
2927	111	129912	200372	26.35557
2928	111	129912	200379	200.862
2929	111	129912	226234	0.775529
2930	111	129912	200378	116.32932000000001
2931	111	129912	200377	856.8344000000001
2932	111	129912	230584	3.102116
2933	111	129912	200376	483.6973
2934	111	129912	200383	176.04504000000003
2935	111	129912	231551	10.857397
2936	111	129912	200382	100.04322000000002
2937	111	129912	225469	7.242015
2938	111	129912	200381	201.6373
2939	111	129912	200380	94.61459000000002
2940	111	100344	201410	1.0
2941	111	100344	200385	1.0
2942	111	100344	201409	1.0
2943	111	100344	200384	1.0
2944	111	100344	201408	1.0
2945	111	100344	201413	4.0
2946	111	100344	233099	19.30263
2947	111	100344	225545	2.58861
2948	111	100344	225673	0.074799
2949	111	100344	225551	0.5617289999999999
2950	111	100344	232077	1.462524
2951	111	100344	200403	1.0
2952	111	100344	226386	1.61145
2953	111	100344	225553	2.7771
2954	111	100344	200849	1.0
2955	111	100344	200407	1.0
2956	111	100344	200406	2.0
2957	111	100344	200405	2.0
2958	111	100344	200404	1.0
2959	111	100344	200345	2.0
2960	111	100344	230616	1.70504
2961	111	100344	200359	1.0
2962	111	100344	200358	1.0
2963	111	100344	200356	1.0
2964	111	100344	200362	5.0
2965	111	100344	200361	2.0
2966	111	100344	200360	2.0
2967	111	100344	231791	17.8149
2968	111	100344	200375	2.0
2969	111	100344	226359	28.405769999999997
2970	111	100344	200372	1.0
2971	111	100344	200379	4.0
2972	111	100344	200378	2.0
2973	111	100344	200377	3.0
2974	111	100344	200376	2.0
2975	111	100344	200383	3.0
2976	111	100344	200382	1.0
2977	111	100344	200381	4.0
2978	111	100344	225469	1.61654
2979	111	100344	200380	1.0
2980	111	100344	226364	52.043479999999995
2981	111	125694	233099	6.028126
2982	111	125694	225545	9.60281
2983	111	125694	225673	18.0
2984	111	125694	233096	4.52109
2985	111	125694	232077	8.288676
2986	111	125694	200849	3.200936
2987	111	125694	229913	49.0
2988	111	125694	200345	0.753516
2989	111	125694	200344	3.767578
2990	111	125694	200359	1.507032
2991	111	125694	200358	1.507032
2992	111	125694	200356	1.507032
2993	111	125694	200363	3.767576
2994	111	125694	200362	6.781636000000001
2995	111	125694	200361	9.042184
2996	111	125694	200360	3.7675780000000003
2997	111	125694	200375	3.7675799999999997
2998	111	125694	200374	1.507032
2999	111	125694	200373	2.260548
3000	111	125694	200372	0.800234
3001	111	125694	200379	10.549222
3002	111	125694	226234	1.507032
3003	111	125694	200378	3.7675819999999995
3004	111	125694	200377	9.042182
3005	111	125694	230584	1.507032
3006	111	125694	200376	14.316803999999998
3007	111	125694	200383	18.084386
3008	111	125694	200382	11.302731999999999
3009	111	125694	225469	5.4855920000000005
3010	111	125694	231229	0.753516
3011	111	125694	200381	14.316796
3012	111	125694	200380	7.535154000000001
3013	111	125694	201410	1.507032
3014	111	125694	200386	2.260546
3015	111	125694	201409	5.274606
3016	111	125694	200385	11.302736
3017	111	125694	201408	4.521097999999999
3018	111	125694	200384	12.056247999999998
3019	111	125694	201413	13.56328
3020	111	125694	200403	2.400702
3021	111	125694	226386	3.014062
3022	111	125694	230615	1.507032
3023	111	125694	200407	3.767578
3024	111	125694	200406	12.809762000000001
3025	111	125694	200405	9.602808
3026	111	125694	226393	251.0
3027	111	125694	230616	2.260546
3028	111	125694	226399	12.809762000000001
3029	111	125694	230631	0.753516
3030	111	125694	231786	16.004668
3031	111	125694	231027	5.274606
3032	111	125694	231551	6.781644000000001
